0 0
1 0
2 0
3 0
4 0
5 0
6 0
7 0
8 0
9 0
10 0
11 0
12 0
13 0
14 0
15 0
16 0
17 0
18 0
19 0
20 0
21 0
22 0
23 0
24 0
25 0
26 0
27 0
28 0
29 0
30 0
31 0
32 0
33 0
34 0
35 0
36 0
37 0
38 0
39 0
40 0
41 0
42 0
43 0
44 0
45 0
46 0
47 0
48 0
49 0
50 1
51 1
52 1
53 1
54 1
55 1
56 1
57 1
58 1
59 1
60 1
61 1
62 1
63 1
64 1
65 1
66 1
67 1
68 1
69 1
70 1
71 1
72 1
73 1
74 1
75 1
76 1
77 1
78 1
79 1
80 1
81 1
82 1
83 2
84 3
85 3
86 3
87 4
88 4
89 4
90 4
91 4
92 4
93 4
94 4
95 4
96 4
97 4
98 4
99 4
100 4
101 4
102 4
103 4
104 4
105 4
106 4
107 4
108 4
109 4
110 4
111 4
112 4
113 4
114 4
115 4
116 4
117 4
118 4
119 4
120 4
121 4
122 4
123 4
124 4
125 5
126 5
127 5
128 5
129 5
130 5
131 5
132 5
133 5
134 5
135 5
136 5
137 5
138 5
139 5
140 5
141 5
142 5
143 5
144 5
145 5
146 5
147 6
148 6
149 6
150 6
151 6
152 6
153 6
154 6
155 6
156 6
157 6
158 6
159 6
160 6
161 6
162 6
163 6
164 6
165 6
166 6
167 6
168 6
169 6
170 6
171 6
172 6
173 6
174 6
175 6
176 6
177 6
178 6
179 6
180 6
181 6
182 6
183 7
184 7
185 7
186 7
187 7
188 7
189 7
190 8
191 8
192 9
193 9
194 9
195 9
196 9
197 9
198 9
199 9
200 9
201 9
202 9
203 9
204 9
205 9
206 9
207 9
208 9
209 9
210 9
211 9
212 9
213 9
214 9
215 9
216 9
217 9
218 9
219 10
220 11
221 11
222 11
223 11
224 11
225 11
226 11
227 11
228 11
229 11
230 11
231 11
232 11
233 11
234 12
235 12
236 12
237 12
238 12
239 12
240 12
241 12
242 12
243 12
244 12
245 12
246 12
247 12
248 12
249 12
250 12
251 12
252 12
253 12
254 12
255 12
256 12
257 12
258 13
259 13
260 13
261 13
262 13
263 13
264 13
265 13
266 13
267 13
268 13
269 13
270 13
271 13
272 13
273 13
274 13
275 13
276 14
277 14
278 15
279 15
280 15
281 15
282 15
283 15
284 15
285 15
286 15
287 15
288 15
289 15
290 15
291 15
292 15
293 15
294 15
295 15
296 15
297 16
298 16
299 16
300 16
301 16
302 16
303 16
304 16
305 19
306 19
307 19
308 19
309 19
310 19
311 19
312 19
313 19
314 19
315 19
316 19
317 19
318 19
319 19
320 19
321 19
322 19
323 19
324 19
325 19
326 19
327 19
328 19
329 20
330 20
331 20
332 20
333 21
334 21
335 21
336 21
337 21
338 21
339 21
340 21
341 21
342 21
343 21
344 21
345 21
346 21
347 21
348 21
349 21
350 21
351 21
352 21
353 21
354 21
355 21
356 21
357 21
358 21
359 21
360 21
361 21
362 21
363 21
364 21
365 22
366 23
367 23
368 24
369 24
370 24
371 24
372 24
373 24
374 24
375 24
376 24
377 24
378 24
379 24
380 24
381 24
382 24
383 24
384 24
385 24
386 24
387 24
388 24
389 24
390 24
391 24
392 24
393 24
394 24
395 24
396 24
397 24
398 24
399 24
400 24
401 24
402 24
403 24
404 24
405 24
406 24
407 24
408 24
409 24
410 24
411 24
412 25
413 25
414 26
415 26
416 27
417 27
418 27
419 27
420 27
421 27
422 27
423 27
424 27
425 27
426 27
427 27
428 27
429 27
430 27
431 27
432 27
433 27
434 27
435 27
436 27
437 27
438 27
439 28
440 28
441 28
442 28
443 28
444 28
445 28
446 28
447 28
448 28
449 28
450 28
451 28
452 28
453 28
454 28
455 28
456 28
457 29
458 29
459 29
460 29
461 29
462 29
463 29
464 29
465 29
466 29
467 29
468 29
469 29
470 29
471 29
472 29
473 29
474 29
475 29
476 29
477 29
478 29
479 29
480 29
481 29
482 29
483 29
484 29
485 29
486 29
487 29
488 29
489 29
490 29
491 29
492 29
493 29
494 29
495 29
496 29
497 29
498 29
499 29
500 29
501 29
502 29
503 29
504 29
505 29
506 29
507 29
508 29
509 29
510 29
511 29
512 29
513 29
514 29
515 29
516 29
517 29
518 29
519 29
520 29
521 29
522 29
523 29
524 29
525 29
526 30
527 30
528 30
529 30
530 30
531 30
532 30
533 30
534 30
535 30
536 30
537 30
538 30
539 30
540 30
541 30
542 30
543 30
544 30
545 30
546 30
547 30
548 30
549 30
550 30
551 30
552 30
553 30
554 30
555 30
556 30
557 30
558 30
559 30
560 31
561 31
562 31
563 31
564 31
565 31
566 31
567 31
568 31
569 31
570 31
571 31
572 31
573 31
574 31
575 31
576 31
577 31
578 31
579 31
580 31
581 31
582 31
583 31
584 31
585 31
586 32
587 32
588 32
589 32
590 32
591 32
592 32
593 32
594 32
595 32
596 32
597 32
598 32
599 32
600 32
601 32
602 32
603 32
604 32
605 32
606 32
607 32
608 32
609 32
610 32
611 32
612 32
613 32
614 32
615 32
616 32
617 32
618 32
619 32
620 32
621 32
622 32
623 32
624 32
625 32
626 32
627 32
628 32
629 32
630 32
631 32
632 32
633 32
634 32
635 32
636 32
637 32
638 32
639 32
640 32
641 32
642 32
643 32
644 32
645 32
646 32
647 32
648 32
649 32
650 32
651 32
652 32
653 32
654 33
655 33
656 33
657 33
658 33
659 33
660 33
661 33
662 33
663 33
664 33
665 33
666 33
667 33
668 33
669 33
670 33
671 33
672 33
673 33
674 34
675 34
676 34
677 34
678 34
679 34
680 34
681 34
682 34
683 34
684 34
685 34
686 34
687 34
688 34
689 34
690 34
691 34
692 34
693 34
694 34
695 34
696 34
697 34
698 34
699 34
700 34
701 34
702 34
703 34
704 34
705 34
706 34
707 34
708 34
709 34
710 34
711 34
712 34
713 34
714 34
715 34
716 34
717 34
718 34
719 34
720 34
721 34
722 34
723 34
724 34
725 34
726 34
727 34
728 34
729 34
730 34
731 34
732 34
733 34
734 34
735 34
736 34
737 34
738 34
739 34
740 34
741 34
742 34
743 34
744 35
745 35
746 35
747 35
748 35
749 35
750 35
751 35
752 35
753 35
754 35
755 35
756 35
757 35
758 35
759 35
760 35
761 35
762 35
763 35
764 35
765 35
766 35
767 35
768 35
769 35
770 35
771 35
772 35
773 35
774 35
775 35
776 35
777 35
778 35
779 35
780 36
781 36
782 36
783 36
784 36
785 36
786 36
787 36
788 36
789 36
790 36
791 36
792 36
793 36
794 36
795 36
796 36
797 36
798 36
799 36
800 37
801 37
802 37
803 37
804 37
805 37
806 37
807 37
808 37
809 37
810 37
811 37
812 37
813 37
814 37
815 37
816 37
817 37
818 37
819 37
820 37
821 37
822 37
823 38
824 38
825 38
826 38
827 38
828 39
829 39
830 39
831 39
832 39
833 39
834 39
835 39
836 39
837 39
838 39
839 39
840 39
841 39
842 39
843 39
844 39
845 39
846 39
847 39
848 39
849 39
850 39
851 39
852 39
853 39
854 39
855 39
856 39
857 39
858 39
859 39
860 39
861 39
862 39
863 39
864 39
865 39
866 39
867 39
868 39
869 39
870 39
871 39
872 39
873 39
874 39
875 39
876 39
877 39
878 39
879 39
880 39
881 39
882 39
883 39
884 39
885 39
886 39
887 39
888 39
889 39
890 39
891 39
892 39
893 39
894 39
895 39
896 39
897 39
898 39
899 39
900 39
901 39
902 39
903 39
904 39
905 39
906 39
907 39
908 39
909 39
910 39
911 39
912 39
913 39
914 39
915 39
916 39
917 39
918 39
919 39
920 39
921 39
922 39
923 39
924 39
925 39
926 39
927 39
928 39
929 39
930 39
931 39
932 39
933 39
934 39
935 39
936 39
937 39
938 39
939 39
940 39
941 39
942 39
943 39
944 40
945 40
946 40
947 40
948 40
949 40
950 40
951 40
952 40
953 40
954 40
955 40
956 40
957 40
958 40
959 40
960 40
961 40
962 40
963 40
964 40
965 40
966 40
967 40
968 40
969 40
970 40
971 40
972 40
973 40
974 40
975 40
976 40
977 40
978 40
979 40
980 40
981 40
982 40
983 40
984 40
985 40
986 40
987 40
988 40
989 40
990 40
991 40
992 40
993 40
994 40
995 40
996 40
997 40
998 40
999 40
1000 40
