0 0
1 0
2 0
3 0
4 0
5 0
6 0
7 0
8 0
9 0
10 0
11 0
12 0
13 0
14 0
15 0
16 0
17 0
18 0
19 0
20 0
21 0
22 0
23 0
24 0
25 0
26 0
27 0
28 0
29 0
30 0
31 0
32 0
33 0
34 0
35 0
36 0
37 0
38 0
39 0
40 0
41 0
42 0
43 0
44 0
45 0
46 0
47 0
48 0
49 0
50 0
51 0
52 0
53 0
54 0
55 0
56 0
57 0
58 0
59 0
60 0
61 0
62 0
63 0
64 0
65 0
66 0
67 0
68 0
69 0
70 0
71 0
72 0
73 0
74 0
75 0
76 0
77 0
78 0
79 0
80 0
81 0
82 0
83 0
84 0
85 0
86 0
87 0
88 0
89 0
90 0
91 0
92 0
93 0
94 0
95 0
96 0
97 0
98 0
99 0
100 0
101 0
102 0
103 0
104 0
105 0
106 0
107 0
108 0
109 0
110 0
111 0
112 0
113 0
114 0
115 0
116 0
117 0
118 0
119 0
120 0
121 0
122 0
123 0
124 0
125 0
126 0
127 0
128 0
129 0
130 0
131 0
132 0
133 0
134 0
135 0
136 0
137 0
138 0
139 0
140 0
141 0
142 0
143 0
144 0
145 0
146 0
147 0
148 0
149 0
150 0
151 0
152 0
153 0
154 0
155 0
156 0
157 0
158 0
159 0
160 0
161 0
162 0
163 0
164 0
165 0
166 0
167 0
168 0
169 0
170 0
171 0
172 0
173 0
174 0
175 0
176 0
177 0
178 0
179 0
180 0
181 0
182 0
183 0
184 0
185 0
186 0
187 0
188 0
189 0
190 0
191 0
192 0
193 0
194 0
195 0
196 0
197 0
198 0
199 0
200 0
201 0
202 0
203 0
204 0
205 0
206 0
207 0
208 0
209 0
210 0
211 0
212 0
213 0
214 0
215 0
216 0
217 0
218 0
219 0
220 0
221 0
222 0
223 0
224 0
225 0
226 0
227 0
228 0
229 0
230 0
231 0
232 0
233 0
234 0
235 0
236 0
237 0
238 0
239 0
240 0
241 0
242 0
243 0
244 0
245 0
246 0
247 0
248 0
249 0
250 0
251 0
252 0
253 0
254 0
255 0
256 0
257 0
258 0
259 0
260 0
261 0
262 0
263 0
264 0
265 0
266 0
267 0
268 0
269 0
270 0
271 0
272 0
273 0
274 0
275 0
276 0
277 0
278 0
279 0
280 0
281 0
282 0
283 0
284 0
285 0
286 0
287 0
288 0
289 0
290 0
291 0
292 0
293 0
294 0
295 0
296 0
297 0
298 0
299 0
300 0
301 0
302 0
303 0
304 0
305 0
306 0
307 0
308 0
309 0
310 0
311 0
312 0
313 0
314 0
315 0
316 0
317 0
318 0
319 0
320 0
321 0
322 0
323 0
324 0
325 0
326 0
327 0
328 0
329 0
330 0
331 0
332 0
333 0
334 0
335 0
336 0
337 0
338 0
339 0
340 0
341 0
342 0
343 0
344 0
345 0
346 0
347 0
348 0
349 0
350 0
351 0
352 0
353 0
354 0
355 0
356 0
357 0
358 0
359 0
360 0
361 0
362 0
363 0
364 0
365 0
366 0
367 0
368 0
369 0
370 0
371 0
372 0
373 0
374 0
375 0
376 0
377 0
378 0
379 0
380 0
381 0
382 0
383 0
384 0
385 0
386 0
387 0
388 0
389 0
390 0
391 0
392 0
393 0
394 0
395 0
396 0
397 0
398 0
399 0
400 0
401 0
402 0
403 0
404 0
405 0
406 0
407 0
408 0
409 0
410 0
411 0
412 0
413 0
414 0
415 0
416 0
417 0
418 0
419 0
420 0
421 0
422 0
423 0
424 0
425 0
426 0
427 0
428 0
429 0
430 0
431 0
432 0
433 0
434 0
435 0
436 0
437 0
438 0
439 0
440 0
441 0
442 0
443 0
444 0
445 0
446 0
447 0
448 0
449 0
450 0
451 0
452 0
453 0
454 0
455 0
456 0
457 0
458 0
459 0
460 0
461 0
462 0
463 0
464 0
465 0
466 0
467 0
468 0
469 0
470 0
471 0
472 0
473 0
474 0
475 0
476 0
477 0
478 0
479 0
480 0
481 0
482 0
483 0
484 0
485 0
486 0
487 0
488 0
489 0
490 0
491 0
492 0
493 0
494 0
495 0
496 0
497 0
498 0
499 0
500 0
501 0
502 0
503 0
504 0
505 0
506 0
507 0
508 0
509 0
510 0
511 0
512 0
513 0
514 0
515 0
516 0
517 0
518 0
519 0
520 0
521 0
522 0
523 0
524 0
525 0
526 0
527 0
528 0
529 0
530 0
531 0
532 0
533 0
534 0
535 0
536 0
537 0
538 0
539 0
540 0
541 0
542 0
543 0
544 0
545 0
546 0
547 0
548 0
549 0
550 0
551 0
552 0
553 0
554 0
555 0
556 0
557 0
558 0
559 0
560 0
561 0
562 0
563 0
564 0
565 0
566 0
567 0
568 0
569 0
570 0
571 0
572 0
573 0
574 0
575 0
576 0
577 0
578 0
579 0
580 0
581 0
582 0
583 0
584 0
585 0
586 0
587 0
588 0
589 0
590 0
591 0
592 0
593 0
594 0
595 0
596 0
597 0
598 0
599 0
600 0
601 0
602 0
603 0
604 0
605 0
606 0
607 0
608 0
609 0
610 0
611 0
612 0
613 0
614 0
615 0
616 0
617 0
618 0
619 0
620 0
621 0
622 0
623 0
624 0
625 0
626 0
627 0
628 0
629 0
630 0
631 0
632 0
633 0
634 0
635 0
636 0
637 0
638 0
639 0
640 0
641 0
642 0
643 0
644 0
645 0
646 0
647 0
648 0
649 0
650 0
651 0
652 0
653 0
654 0
655 0
656 0
657 0
658 0
659 0
660 0
661 0
662 0
663 0
664 0
665 0
666 0
667 0
668 0
669 0
670 0
671 0
672 0
673 0
674 0
675 0
676 0
677 0
678 0
679 0
680 0
681 0
682 0
683 0
684 0
685 0
686 0
687 0
688 0
689 0
690 0
691 0
692 0
693 0
694 0
695 0
696 0
697 0
698 0
699 0
700 0
701 0
702 0
703 0
704 0
705 0
706 0
707 0
708 0
709 0
710 0
711 0
712 0
713 0
714 0
715 0
716 0
717 0
718 0
719 0
720 0
721 0
722 0
723 0
724 0
725 0
726 0
727 0
728 0
729 0
730 0
731 0
732 0
733 0
734 0
735 0
736 0
737 0
738 0
739 0
740 0
741 0
742 0
743 0
744 0
745 0
746 0
747 0
748 0
749 0
750 0
751 0
752 0
753 0
754 0
755 0
756 0
757 0
758 0
759 0
760 0
761 0
762 0
763 0
764 0
765 0
766 0
767 0
768 0
769 0
770 0
771 0
772 0
773 0
774 0
775 0
776 0
777 0
778 0
779 0
780 0
781 0
782 0
783 0
784 0
785 0
786 0
787 0
788 0
789 0
790 0
791 0
792 0
793 0
794 0
795 0
796 0
797 0
798 0
799 0
800 0
801 0
802 0
803 0
804 0
805 0
806 0
807 0
808 0
809 0
810 0
811 0
812 0
813 0
814 0
815 0
816 0
817 0
818 0
819 0
820 0
821 0
822 0
823 0
824 0
825 0
826 0
827 0
828 0
829 0
830 0
831 0
832 0
833 0
834 0
835 0
836 0
837 0
838 0
839 0
840 0
841 0
842 0
843 0
844 0
845 0
846 0
847 0
848 0
849 0
850 0
851 0
852 0
853 0
854 0
855 0
856 0
857 0
858 0
859 0
860 0
861 0
862 0
863 0
864 0
865 0
866 0
867 0
868 0
869 0
870 0
871 0
872 0
873 0
874 0
875 0
876 0
877 0
878 0
879 0
880 0
881 0
882 0
883 0
884 0
885 0
886 0
887 0
888 0
889 0
890 0
891 0
892 0
893 0
894 0
895 0
896 0
897 0
898 0
899 0
900 0
901 0
902 0
903 0
904 0
905 0
906 0
907 0
908 0
909 0
910 0
911 0
912 0
913 0
914 0
915 0
916 0
917 0
918 0
919 0
920 0
921 0
922 0
923 0
924 0
925 0
926 0
927 0
928 0
929 0
930 0
931 0
932 0
933 0
934 0
935 0
936 0
937 0
938 0
939 0
940 0
941 0
942 0
943 0
944 0
945 0
946 0
947 0
948 0
949 0
950 0
951 0
952 0
953 0
954 0
955 0
956 0
957 0
958 0
959 0
960 0
961 0
962 0
963 0
964 0
965 0
966 0
967 0
968 0
969 0
970 0
971 0
972 0
973 0
974 0
975 0
976 0
977 0
978 0
979 0
980 0
981 0
982 0
983 0
984 0
985 0
986 0
987 0
988 0
989 0
990 0
991 0
992 0
993 0
994 0
995 0
996 0
997 0
998 0
999 0
1000 0
1001 0
1002 0
1003 0
1004 0
1005 0
1006 0
1007 0
1008 0
1009 0
1010 0
1011 0
1012 0
1013 0
1014 0
1015 0
1016 0
1017 0
1018 0
1019 0
1020 0
1021 0
1022 0
1023 0
1024 0
1025 0
1026 0
1027 0
1028 0
1029 0
1030 0
1031 0
1032 0
1033 0
1034 0
1035 0
1036 0
1037 0
1038 0
1039 0
1040 0
1041 0
1042 0
1043 0
1044 0
1045 0
1046 0
1047 0
1048 0
1049 0
1050 0
1051 0
1052 0
1053 0
1054 0
1055 0
1056 0
1057 0
1058 0
1059 0
1060 0
1061 0
1062 0
1063 0
1064 0
1065 0
1066 0
1067 0
1068 0
1069 0
1070 0
1071 0
1072 0
1073 0
1074 0
1075 0
1076 0
1077 0
1078 0
1079 0
1080 0
1081 0
1082 0
1083 0
1084 0
1085 0
1086 0
1087 0
1088 0
1089 0
1090 0
1091 0
1092 0
1093 0
1094 0
1095 0
1096 0
1097 0
1098 0
1099 0
1100 0
1101 0
1102 0
1103 0
1104 0
1105 0
1106 0
1107 0
1108 0
1109 0
1110 0
1111 0
1112 0
1113 0
1114 0
1115 0
1116 0
1117 0
1118 0
1119 0
1120 0
1121 0
1122 0
1123 0
1124 0
1125 0
1126 0
1127 0
1128 0
1129 0
1130 0
1131 0
1132 0
1133 0
1134 0
1135 0
1136 0
1137 0
1138 0
1139 0
1140 0
1141 0
1142 0
1143 0
1144 0
1145 0
1146 0
1147 0
1148 0
1149 0
1150 0
1151 0
1152 0
1153 0
1154 0
1155 0
1156 0
1157 0
1158 0
1159 0
1160 0
1161 0
1162 0
1163 0
1164 0
1165 0
1166 0
1167 0
1168 0
1169 0
1170 0
1171 0
1172 0
1173 0
1174 0
1175 0
1176 0
1177 0
1178 0
1179 0
1180 0
1181 0
1182 0
1183 0
1184 0
1185 0
1186 0
1187 0
1188 0
1189 0
1190 0
1191 0
1192 0
1193 0
1194 0
1195 0
1196 0
1197 0
1198 0
1199 0
1200 0
1201 0
1202 0
1203 0
1204 0
1205 0
1206 0
1207 0
1208 0
1209 0
1210 0
1211 0
1212 0
1213 0
1214 0
1215 0
1216 0
1217 0
1218 0
1219 0
1220 0
1221 0
1222 0
1223 0
1224 0
1225 0
1226 0
1227 0
1228 0
1229 0
1230 0
1231 0
1232 0
1233 0
1234 0
1235 0
1236 0
1237 0
1238 0
1239 0
1240 0
1241 0
1242 0
1243 0
1244 0
1245 0
1246 0
1247 0
1248 0
1249 0
1250 0
1251 0
1252 0
1253 0
1254 0
1255 0
1256 0
1257 0
1258 0
1259 0
1260 0
1261 0
1262 0
1263 0
1264 0
1265 0
1266 0
1267 0
1268 0
1269 0
1270 0
1271 0
1272 0
1273 0
1274 0
1275 0
1276 0
1277 0
1278 0
1279 0
1280 0
1281 0
1282 0
1283 0
1284 0
1285 0
1286 0
1287 0
1288 0
1289 0
1290 0
1291 0
1292 0
1293 0
1294 0
1295 0
1296 0
1297 0
1298 0
1299 0
1300 0
1301 0
1302 0
1303 0
1304 0
1305 0
1306 0
1307 0
1308 0
1309 0
1310 0
1311 0
1312 0
1313 0
1314 0
1315 0
1316 0
1317 0
1318 0
1319 0
1320 0
1321 0
1322 0
1323 0
1324 0
1325 0
1326 0
1327 0
1328 0
1329 0
1330 0
1331 0
1332 0
1333 0
1334 0
1335 0
1336 0
1337 0
1338 0
1339 0
1340 0
1341 0
1342 0
1343 0
1344 0
1345 0
1346 0
1347 0
1348 0
1349 0
1350 0
1351 0
1352 0
1353 0
1354 0
1355 0
1356 0
1357 0
1358 0
1359 0
1360 0
1361 0
1362 0
1363 0
1364 0
1365 0
1366 0
1367 0
1368 0
1369 0
1370 0
1371 0
1372 0
1373 0
1374 0
1375 0
1376 0
1377 0
1378 0
1379 0
1380 0
1381 0
1382 0
1383 0
1384 0
1385 0
1386 0
1387 0
1388 0
1389 0
1390 0
1391 0
1392 0
1393 0
1394 0
1395 0
1396 0
1397 0
1398 0
1399 0
1400 0
1401 0
1402 0
1403 0
1404 0
1405 0
1406 0
1407 0
1408 0
1409 0
1410 0
1411 0
1412 0
1413 0
1414 0
1415 0
1416 0
1417 0
1418 0
1419 0
1420 0
1421 0
1422 0
1423 0
1424 0
1425 0
1426 0
1427 0
1428 0
1429 0
1430 0
1431 0
1432 0
1433 0
1434 0
1435 0
1436 0
1437 0
1438 0
1439 0
1440 0
1441 0
1442 0
1443 0
1444 0
1445 0
1446 0
1447 0
1448 0
1449 0
1450 0
1451 0
1452 0
1453 0
1454 0
1455 0
1456 0
1457 0
1458 0
1459 0
1460 0
1461 0
1462 0
1463 0
1464 0
1465 0
1466 0
1467 0
1468 0
1469 0
1470 0
1471 0
1472 0
1473 0
1474 0
1475 0
1476 0
1477 0
1478 0
1479 0
1480 0
1481 0
1482 0
1483 0
1484 0
1485 0
1486 0
1487 0
1488 0
1489 0
1490 0
1491 0
1492 0
1493 0
1494 0
1495 0
1496 0
1497 0
1498 0
1499 0
1500 0
1501 0
1502 0
1503 0
1504 0
1505 0
1506 0
1507 0
1508 0
1509 0
1510 0
1511 0
1512 0
1513 0
1514 0
1515 0
1516 0
1517 0
1518 0
1519 0
1520 0
1521 0
1522 0
1523 0
1524 0
1525 0
1526 0
1527 0
1528 0
1529 0
1530 0
1531 0
1532 0
1533 0
1534 0
1535 0
1536 0
1537 0
1538 0
1539 0
1540 0
1541 0
1542 0
1543 0
1544 0
1545 0
1546 0
1547 0
1548 0
1549 0
1550 0
1551 0
1552 0
1553 0
1554 0
1555 0
1556 0
1557 0
1558 0
1559 0
1560 0
1561 0
1562 0
1563 0
1564 0
1565 0
1566 0
1567 0
1568 0
1569 0
1570 0
1571 0
1572 0
1573 0
1574 0
1575 0
1576 0
1577 0
1578 0
1579 0
1580 0
1581 0
1582 0
1583 0
1584 0
1585 0
1586 0
1587 0
1588 0
1589 0
1590 0
1591 0
1592 0
1593 0
1594 0
1595 0
1596 0
1597 0
1598 0
1599 0
1600 0
1601 0
1602 0
1603 0
1604 0
1605 0
1606 0
1607 0
1608 0
1609 0
1610 0
1611 0
1612 0
1613 0
1614 0
1615 0
1616 0
1617 0
1618 0
1619 0
1620 0
1621 0
1622 0
1623 0
1624 0
1625 0
1626 0
1627 0
1628 0
1629 0
1630 0
1631 0
1632 0
1633 0
1634 0
1635 0
1636 0
1637 0
1638 0
1639 0
1640 0
1641 0
1642 0
1643 0
1644 0
1645 0
1646 0
1647 0
1648 0
1649 0
1650 0
1651 0
1652 0
1653 0
1654 0
1655 0
1656 0
1657 0
1658 0
1659 0
1660 0
1661 0
1662 0
1663 0
1664 0
1665 0
1666 0
1667 0
1668 0
1669 0
1670 0
1671 0
1672 0
1673 0
1674 0
1675 0
1676 0
1677 0
1678 0
1679 0
1680 0
1681 0
1682 0
1683 0
1684 0
1685 0
1686 0
1687 0
1688 0
1689 0
1690 0
1691 0
1692 0
1693 0
1694 0
1695 0
1696 0
1697 0
1698 0
1699 0
1700 0
1701 0
1702 0
1703 0
1704 0
1705 0
1706 0
1707 0
1708 0
1709 0
1710 0
1711 0
1712 0
1713 0
1714 0
1715 0
1716 0
1717 0
1718 0
1719 0
1720 0
1721 0
1722 0
1723 0
1724 0
1725 0
1726 0
1727 0
1728 0
1729 0
1730 0
1731 0
1732 0
1733 0
1734 0
1735 0
1736 0
1737 0
1738 0
1739 0
1740 0
1741 0
1742 0
1743 0
1744 0
1745 0
1746 0
1747 0
1748 0
1749 0
1750 0
1751 0
1752 0
1753 0
1754 0
1755 0
1756 0
1757 0
1758 0
1759 0
1760 0
1761 0
1762 0
1763 0
1764 0
1765 0
1766 0
1767 0
1768 0
1769 0
1770 0
1771 0
1772 0
1773 0
1774 0
1775 0
1776 0
1777 0
1778 0
1779 0
1780 0
1781 0
1782 0
1783 0
1784 0
1785 0
1786 0
1787 0
1788 0
1789 0
1790 0
1791 0
1792 0
1793 0
1794 0
1795 0
1796 0
1797 0
1798 0
1799 0
1800 0
1801 0
1802 0
1803 0
1804 0
1805 0
1806 0
1807 0
1808 0
1809 0
1810 0
1811 0
1812 0
1813 0
1814 0
1815 0
1816 0
1817 0
1818 0
1819 0
1820 0
1821 0
1822 0
1823 0
1824 0
1825 0
1826 0
1827 0
1828 0
1829 0
1830 0
1831 0
1832 0
1833 0
1834 0
1835 0
1836 0
1837 0
1838 0
1839 0
1840 0
1841 0
1842 0
1843 0
1844 0
1845 0
1846 0
1847 0
1848 0
1849 0
1850 0
1851 0
1852 0
1853 0
1854 0
1855 0
1856 0
1857 0
1858 0
1859 0
1860 0
1861 0
1862 0
1863 0
1864 0
1865 0
1866 0
1867 0
1868 0
1869 0
1870 0
1871 0
1872 0
1873 0
1874 0
1875 0
1876 0
1877 0
1878 0
1879 0
1880 0
1881 0
1882 0
1883 0
1884 0
1885 0
1886 0
1887 0
1888 0
1889 0
1890 0
1891 0
1892 0
1893 0
1894 0
1895 0
1896 0
1897 0
1898 0
1899 0
1900 0
1901 0
1902 0
1903 0
1904 0
1905 0
1906 0
1907 0
1908 0
1909 0
1910 0
1911 0
1912 0
1913 0
1914 0
1915 0
1916 0
1917 0
1918 0
1919 0
1920 0
1921 0
1922 0
1923 0
1924 0
1925 0
1926 0
1927 0
1928 0
1929 0
1930 0
1931 0
1932 0
1933 0
1934 0
1935 0
1936 0
1937 0
1938 0
1939 0
1940 0
1941 0
1942 0
1943 0
1944 0
1945 0
1946 0
1947 0
1948 0
1949 0
1950 0
1951 0
1952 0
1953 0
1954 0
1955 0
1956 0
1957 0
1958 0
1959 0
1960 0
1961 0
1962 0
1963 0
1964 0
1965 0
1966 0
1967 0
1968 0
1969 0
1970 0
1971 0
1972 0
1973 0
1974 0
1975 0
1976 0
1977 0
1978 0
1979 0
1980 0
1981 0
1982 0
1983 0
1984 0
1985 0
1986 0
1987 0
1988 0
1989 0
1990 0
1991 0
1992 0
1993 0
1994 0
1995 0
1996 0
1997 0
1998 0
1999 0
2000 0
2001 0
2002 0
2003 0
2004 0
2005 0
2006 0
2007 0
2008 0
2009 0
2010 0
2011 0
2012 0
2013 0
2014 0
2015 0
2016 0
2017 0
2018 0
2019 0
2020 0
2021 0
2022 0
2023 0
2024 0
2025 0
2026 0
2027 0
2028 0
2029 0
2030 0
2031 0
2032 0
2033 0
2034 0
2035 0
2036 0
2037 0
2038 0
2039 0
2040 0
2041 0
2042 0
2043 0
2044 0
2045 0
2046 0
2047 0
2048 0
2049 0
2050 0
2051 0
2052 0
2053 0
2054 0
2055 0
2056 0
2057 0
2058 0
2059 0
2060 0
2061 0
2062 0
2063 0
2064 0
2065 0
2066 0
2067 0
2068 0
2069 0
2070 0
2071 0
2072 0
2073 0
2074 0
2075 0
2076 0
2077 0
2078 0
2079 0
2080 0
2081 0
2082 0
2083 0
2084 0
2085 0
2086 0
2087 0
2088 0
2089 0
2090 0
2091 0
2092 0
2093 0
2094 0
2095 0
2096 0
2097 0
2098 0
2099 0
2100 0
2101 0
2102 0
2103 0
2104 0
2105 0
2106 0
2107 0
2108 0
2109 0
2110 0
2111 0
2112 0
2113 0
2114 0
2115 0
2116 0
2117 0
2118 0
2119 0
2120 0
2121 0
2122 0
2123 0
2124 0
2125 0
2126 0
2127 0
2128 0
2129 0
2130 0
2131 0
2132 0
2133 0
2134 0
2135 0
2136 0
2137 0
2138 0
2139 0
2140 0
2141 0
2142 0
2143 0
2144 0
2145 0
2146 0
2147 0
2148 0
2149 0
2150 0
2151 0
2152 0
2153 0
2154 0
2155 0
2156 0
2157 0
2158 0
2159 0
2160 0
2161 0
2162 0
2163 0
2164 0
2165 0
2166 0
2167 0
2168 0
2169 0
2170 0
2171 0
2172 0
2173 0
2174 0
2175 0
2176 0
2177 0
2178 0
2179 0
2180 0
2181 0
2182 0
2183 0
2184 0
2185 0
2186 0
2187 0
2188 0
2189 0
2190 0
2191 0
2192 0
2193 0
2194 0
2195 0
2196 0
2197 0
2198 0
2199 0
2200 0
2201 0
2202 0
2203 0
2204 0
2205 0
2206 0
2207 0
2208 0
2209 0
2210 0
2211 0
2212 0
2213 0
2214 0
2215 0
2216 0
2217 0
2218 0
2219 0
2220 0
2221 0
2222 0
2223 0
2224 0
2225 0
2226 0
2227 0
2228 0
2229 0
2230 0
2231 0
2232 0
2233 0
2234 0
2235 0
2236 0
2237 0
2238 0
2239 0
2240 0
2241 0
2242 0
2243 0
2244 0
2245 0
2246 0
2247 0
2248 0
2249 0
2250 0
2251 0
2252 0
2253 0
2254 0
2255 0
2256 0
2257 0
2258 0
2259 0
2260 0
2261 0
2262 0
2263 0
2264 0
2265 0
2266 0
2267 0
2268 0
2269 0
2270 0
2271 0
2272 0
2273 0
2274 0
2275 0
2276 0
2277 0
2278 0
2279 0
2280 0
2281 0
2282 0
2283 0
2284 0
2285 0
2286 0
2287 0
2288 0
2289 0
2290 0
2291 0
2292 0
2293 0
2294 0
2295 0
2296 0
2297 0
2298 0
2299 0
2300 0
2301 0
2302 0
2303 0
2304 0
2305 0
2306 0
2307 0
2308 0
2309 0
2310 0
2311 0
2312 0
2313 0
2314 0
2315 0
2316 0
2317 0
2318 0
2319 0
2320 0
2321 0
2322 0
2323 0
2324 0
2325 0
2326 0
2327 0
2328 0
2329 0
2330 0
2331 0
2332 0
2333 0
2334 0
2335 0
2336 0
2337 0
2338 0
2339 0
2340 0
2341 0
2342 0
2343 0
2344 0
2345 0
2346 0
2347 0
2348 0
2349 0
2350 0
2351 0
2352 0
2353 0
2354 0
2355 0
2356 0
2357 0
2358 0
2359 0
2360 0
2361 0
2362 0
2363 0
2364 0
2365 0
2366 0
2367 0
2368 0
2369 0
2370 0
2371 0
2372 0
2373 0
2374 0
2375 0
2376 0
2377 0
2378 0
2379 0
2380 0
2381 0
2382 0
2383 0
2384 0
2385 0
2386 0
2387 0
2388 0
2389 0
2390 0
2391 0
2392 0
2393 0
2394 0
2395 0
2396 0
2397 0
2398 0
2399 0
2400 0
2401 0
2402 0
2403 0
2404 0
2405 0
2406 0
2407 0
2408 0
2409 0
2410 0
2411 0
2412 0
2413 0
2414 0
2415 0
2416 0
2417 0
2418 0
2419 0
2420 0
2421 0
2422 0
2423 0
2424 0
2425 0
2426 0
2427 0
2428 0
2429 0
2430 0
2431 0
2432 0
2433 0
2434 0
2435 0
2436 0
2437 0
2438 0
2439 0
2440 0
2441 0
2442 0
2443 0
2444 0
2445 0
2446 0
2447 0
2448 0
2449 0
2450 0
2451 0
2452 0
2453 0
2454 0
2455 0
2456 0
2457 0
2458 0
2459 0
2460 0
2461 0
2462 0
2463 0
2464 0
2465 0
2466 0
2467 0
2468 0
2469 0
2470 0
2471 0
2472 0
2473 0
2474 0
2475 0
2476 0
2477 0
2478 0
2479 0
2480 0
2481 0
2482 0
2483 0
2484 0
2485 0
2486 0
2487 0
2488 0
2489 0
2490 0
2491 0
2492 0
2493 0
2494 0
2495 0
2496 0
2497 0
2498 0
2499 0
2500 0
2501 0
2502 0
2503 0
2504 0
2505 0
2506 0
2507 0
2508 0
2509 0
2510 0
2511 0
2512 0
2513 0
2514 0
2515 0
2516 0
2517 0
2518 0
2519 0
2520 0
2521 0
2522 0
2523 0
2524 0
2525 0
2526 0
2527 0
2528 0
2529 0
2530 0
2531 0
2532 0
2533 0
2534 0
2535 0
2536 0
2537 0
2538 0
2539 0
2540 0
2541 0
2542 0
2543 0
2544 0
2545 0
2546 0
2547 0
2548 0
2549 0
2550 0
2551 0
2552 0
2553 0
2554 0
2555 0
2556 0
2557 0
2558 0
2559 0
2560 0
2561 0
2562 0
2563 0
2564 0
2565 0
2566 0
2567 0
2568 0
2569 0
2570 0
2571 0
2572 0
2573 0
2574 0
2575 0
2576 0
2577 0
2578 0
2579 0
2580 0
2581 0
2582 0
2583 0
2584 0
2585 0
2586 0
2587 0
2588 0
2589 0
2590 0
2591 0
2592 0
2593 0
2594 0
2595 0
2596 0
2597 0
2598 0
2599 0
2600 0
2601 0
2602 0
2603 0
2604 0
2605 0
2606 0
2607 0
2608 0
2609 0
2610 0
2611 0
2612 0
2613 0
2614 0
2615 0
2616 0
2617 0
2618 0
2619 0
2620 0
2621 0
2622 0
2623 0
2624 0
2625 0
2626 0
2627 0
2628 0
2629 0
2630 0
2631 0
2632 0
2633 0
2634 0
2635 0
2636 0
2637 0
2638 0
2639 0
2640 0
2641 0
2642 0
2643 0
2644 0
2645 0
2646 0
2647 0
2648 0
2649 0
2650 0
2651 0
2652 0
2653 0
2654 0
2655 0
2656 0
2657 0
2658 0
2659 0
2660 0
2661 0
2662 0
2663 0
2664 0
2665 0
2666 0
2667 0
2668 0
2669 0
2670 0
2671 0
2672 0
2673 0
2674 0
2675 0
2676 0
2677 0
2678 0
2679 0
2680 0
2681 0
2682 0
2683 0
2684 0
2685 0
2686 0
2687 0
2688 0
2689 0
2690 0
2691 0
2692 0
2693 0
2694 0
2695 0
2696 0
2697 0
2698 0
2699 0
2700 0
2701 0
2702 0
2703 0
2704 0
2705 0
2706 0
2707 0
2708 0
2709 0
2710 0
2711 0
2712 0
2713 0
2714 0
2715 0
2716 0
2717 0
2718 0
2719 0
2720 0
2721 0
2722 0
2723 0
2724 0
2725 0
2726 0
2727 0
2728 0
2729 0
2730 0
2731 0
2732 0
2733 0
2734 0
2735 0
2736 0
2737 0
2738 0
2739 0
2740 0
2741 0
2742 0
2743 0
2744 0
2745 0
2746 0
2747 0
2748 0
2749 0
2750 0
2751 0
2752 0
2753 0
2754 0
2755 0
2756 0
2757 0
2758 0
2759 0
2760 0
2761 0
2762 0
2763 0
2764 0
2765 0
2766 0
2767 0
2768 0
2769 0
2770 0
2771 0
2772 0
2773 0
2774 0
2775 0
2776 0
2777 0
2778 0
2779 0
2780 0
2781 0
2782 0
2783 0
2784 0
2785 0
2786 0
2787 0
2788 0
2789 0
2790 0
2791 0
2792 0
2793 0
2794 0
2795 0
2796 0
2797 0
2798 0
2799 0
2800 0
2801 0
2802 0
2803 0
2804 0
2805 0
2806 0
2807 0
2808 0
2809 0
2810 0
2811 0
2812 0
2813 0
2814 0
2815 0
2816 0
2817 0
2818 0
2819 0
2820 0
2821 0
2822 0
2823 0
2824 0
2825 0
2826 0
2827 0
2828 0
2829 0
2830 0
2831 0
2832 0
2833 0
2834 0
2835 0
2836 0
2837 0
2838 0
2839 0
2840 0
2841 0
2842 0
2843 0
2844 0
2845 0
2846 0
2847 0
2848 0
2849 0
2850 0
2851 0
2852 0
2853 0
2854 0
2855 0
2856 0
2857 0
2858 0
2859 0
2860 0
2861 0
2862 0
2863 0
2864 0
2865 0
2866 0
2867 0
2868 0
2869 0
2870 0
2871 0
2872 0
2873 0
2874 0
2875 0
2876 0
2877 0
2878 0
2879 0
2880 0
2881 0
2882 0
2883 0
2884 0
2885 0
2886 0
2887 0
2888 0
2889 0
2890 0
2891 0
2892 0
2893 0
2894 0
2895 0
2896 0
2897 0
2898 0
2899 0
2900 0
2901 0
2902 0
2903 0
2904 0
2905 0
2906 0
2907 0
2908 0
2909 0
2910 0
2911 0
2912 0
2913 0
2914 0
2915 0
2916 0
2917 0
2918 0
2919 0
2920 0
2921 0
2922 0
2923 0
2924 0
2925 0
2926 0
2927 0
2928 0
2929 0
2930 0
2931 0
2932 0
2933 0
2934 0
2935 0
2936 0
2937 0
2938 0
2939 0
2940 0
2941 0
2942 0
2943 0
2944 0
2945 0
2946 0
2947 0
2948 0
2949 0
2950 0
2951 0
2952 0
2953 0
2954 0
2955 0
2956 0
2957 0
2958 0
2959 0
2960 0
2961 0
2962 0
2963 0
2964 0
2965 0
2966 0
2967 0
2968 0
2969 0
2970 0
2971 0
2972 0
2973 0
2974 0
2975 0
2976 0
2977 0
2978 0
2979 0
2980 0
2981 0
2982 0
2983 0
2984 0
2985 0
2986 0
2987 0
2988 0
2989 0
2990 0
2991 0
2992 0
2993 0
2994 0
2995 0
2996 0
2997 0
2998 0
2999 0
3000 0
3001 0
3002 0
3003 0
3004 0
3005 0
3006 0
3007 0
3008 0
3009 0
3010 0
3011 0
3012 0
3013 0
3014 0
3015 0
3016 0
3017 0
3018 0
3019 0
3020 0
3021 0
3022 0
3023 0
3024 0
3025 0
3026 0
3027 0
3028 0
3029 0
3030 0
3031 0
3032 0
3033 0
3034 0
3035 0
3036 0
3037 0
3038 0
3039 0
3040 0
3041 0
3042 0
3043 0
3044 0
3045 0
3046 0
3047 0
3048 0
3049 0
3050 0
3051 0
3052 0
3053 0
3054 0
3055 0
3056 0
3057 0
3058 0
3059 0
3060 0
3061 0
3062 0
3063 0
3064 0
3065 0
3066 0
3067 0
3068 0
3069 0
3070 0
3071 0
3072 0
3073 0
3074 0
3075 0
3076 0
3077 0
3078 0
3079 0
3080 0
3081 0
3082 0
3083 0
3084 0
3085 0
3086 0
3087 0
3088 0
3089 0
3090 0
3091 0
3092 0
3093 0
3094 0
3095 0
3096 0
3097 0
3098 0
3099 0
3100 0
3101 0
3102 0
3103 0
3104 0
3105 0
3106 0
3107 0
3108 0
3109 0
3110 0
3111 0
3112 0
3113 0
3114 0
3115 0
3116 0
3117 0
3118 0
3119 0
3120 0
3121 0
3122 0
3123 0
3124 0
3125 0
3126 0
3127 0
3128 0
3129 0
3130 0
3131 0
3132 0
3133 0
3134 0
3135 0
3136 0
3137 0
3138 0
3139 0
3140 0
3141 0
3142 0
3143 0
3144 0
3145 0
3146 0
3147 0
3148 0
3149 0
3150 0
3151 0
3152 0
3153 0
3154 0
3155 0
3156 0
3157 0
3158 0
3159 0
3160 0
3161 0
3162 0
3163 0
3164 0
3165 0
3166 0
3167 0
3168 0
3169 0
3170 0
3171 0
3172 0
3173 0
3174 0
3175 0
3176 0
3177 0
3178 0
3179 0
3180 0
3181 0
3182 0
3183 0
3184 0
3185 0
3186 0
3187 0
3188 0
3189 0
3190 0
3191 0
3192 0
3193 0
3194 0
3195 0
3196 0
3197 0
3198 0
3199 0
3200 0
3201 0
3202 0
3203 0
3204 0
3205 0
3206 0
3207 0
3208 0
3209 0
3210 0
3211 0
3212 0
3213 0
3214 0
3215 0
3216 0
3217 0
3218 0
3219 0
3220 0
3221 0
3222 0
3223 0
3224 0
3225 0
3226 0
3227 0
3228 0
3229 0
3230 0
3231 0
3232 0
3233 0
3234 0
3235 0
3236 0
3237 0
3238 0
3239 0
3240 0
3241 0
3242 0
3243 0
3244 0
3245 0
3246 0
3247 0
3248 0
3249 0
3250 0
3251 0
3252 0
3253 0
3254 0
3255 0
3256 0
3257 0
3258 0
3259 0
3260 0
3261 0
3262 0
3263 0
3264 0
3265 0
3266 0
3267 0
3268 0
3269 0
3270 0
3271 0
3272 0
3273 0
3274 0
3275 0
3276 0
3277 0
3278 0
3279 0
3280 0
3281 0
3282 0
3283 0
3284 0
3285 0
3286 0
3287 0
3288 0
3289 0
3290 0
3291 0
3292 0
3293 0
3294 0
3295 0
3296 0
3297 0
3298 0
3299 0
3300 0
3301 0
3302 0
3303 0
3304 0
3305 0
3306 0
3307 0
3308 0
3309 0
3310 0
3311 0
3312 0
3313 0
3314 0
3315 0
3316 0
3317 0
3318 0
3319 0
3320 0
3321 0
3322 0
3323 0
3324 0
3325 0
3326 0
3327 0
3328 0
3329 0
3330 0
3331 0
3332 0
3333 0
3334 0
3335 0
3336 0
3337 0
3338 0
3339 0
3340 0
3341 0
3342 0
3343 0
3344 0
3345 0
3346 0
3347 0
3348 0
3349 0
3350 0
3351 0
3352 0
3353 0
3354 0
3355 0
3356 0
3357 0
3358 0
3359 0
3360 0
3361 0
3362 0
3363 0
3364 0
3365 0
3366 0
3367 0
3368 0
3369 0
3370 0
3371 0
3372 0
3373 0
3374 0
3375 0
3376 0
3377 0
3378 0
3379 0
3380 0
3381 0
3382 0
3383 0
3384 0
3385 0
3386 0
3387 0
3388 0
3389 0
3390 0
3391 0
3392 0
3393 0
3394 0
3395 0
3396 0
3397 0
3398 0
3399 0
3400 0
3401 0
3402 0
3403 0
3404 0
3405 0
3406 0
3407 0
3408 0
3409 0
3410 0
3411 0
3412 0
3413 0
3414 0
3415 0
3416 0
3417 0
3418 0
3419 0
3420 0
3421 0
3422 0
3423 0
3424 0
3425 0
3426 0
3427 0
3428 0
3429 0
3430 0
3431 0
3432 0
3433 0
3434 0
3435 0
3436 0
3437 0
3438 0
3439 0
3440 0
3441 0
3442 0
3443 0
3444 0
3445 0
3446 0
3447 0
3448 0
3449 0
3450 0
3451 0
3452 0
3453 0
3454 0
3455 0
3456 0
3457 0
3458 0
3459 0
3460 0
3461 0
3462 0
3463 0
3464 0
3465 0
3466 0
3467 0
3468 0
3469 0
3470 0
3471 0
3472 0
3473 0
3474 0
3475 0
3476 0
3477 0
3478 0
3479 0
3480 0
3481 0
3482 0
3483 0
3484 0
3485 0
3486 0
3487 0
3488 0
3489 0
3490 0
3491 0
3492 0
3493 0
3494 0
3495 0
3496 0
3497 0
3498 0
3499 0
3500 0
3501 0
3502 0
3503 0
3504 0
3505 0
3506 0
3507 0
3508 0
3509 0
3510 0
3511 0
3512 0
3513 0
3514 0
3515 0
3516 0
3517 0
3518 0
3519 0
3520 0
3521 0
3522 0
3523 0
3524 0
3525 0
3526 0
3527 0
3528 0
3529 0
3530 0
3531 0
3532 0
3533 0
3534 0
3535 0
3536 0
3537 0
3538 0
3539 0
3540 0
3541 0
3542 0
3543 0
3544 0
3545 0
3546 0
3547 0
3548 0
3549 0
3550 0
3551 0
3552 0
3553 0
3554 0
3555 0
3556 0
3557 0
3558 0
3559 0
3560 0
3561 0
3562 0
3563 0
3564 0
3565 0
3566 0
3567 0
3568 0
3569 0
3570 0
3571 0
3572 0
3573 0
3574 0
3575 0
3576 0
3577 0
3578 0
3579 0
3580 0
3581 0
3582 0
3583 0
3584 0
3585 0
3586 0
3587 0
3588 0
3589 0
3590 0
3591 0
3592 0
3593 0
3594 0
3595 0
3596 0
3597 0
3598 0
3599 0
3600 0
3601 0
3602 0
3603 0
3604 0
3605 0
3606 0
3607 0
3608 0
3609 0
3610 0
3611 0
3612 0
3613 0
3614 0
3615 0
3616 0
3617 0
3618 0
3619 0
3620 0
3621 0
3622 0
3623 0
3624 0
3625 0
3626 0
3627 0
3628 0
3629 0
3630 0
3631 0
3632 0
3633 0
3634 0
3635 0
3636 0
3637 0
3638 0
3639 0
3640 0
3641 0
3642 0
3643 0
3644 0
3645 0
3646 0
3647 0
3648 0
3649 0
3650 0
3651 0
3652 0
3653 0
3654 0
3655 0
3656 0
3657 0
3658 0
3659 0
3660 0
3661 0
3662 0
3663 0
3664 0
3665 0
3666 0
3667 0
3668 0
3669 0
3670 0
3671 0
3672 0
3673 0
3674 0
3675 0
3676 0
3677 0
3678 0
3679 0
3680 0
3681 0
3682 0
3683 0
3684 0
3685 0
3686 0
3687 0
3688 0
3689 0
3690 0
3691 0
3692 0
3693 0
3694 0
3695 0
3696 0
3697 0
3698 0
3699 0
3700 0
3701 0
3702 0
3703 0
3704 0
3705 0
3706 0
3707 0
3708 0
3709 0
3710 0
3711 0
3712 0
3713 0
3714 0
3715 0
3716 0
3717 0
3718 0
3719 0
3720 0
3721 0
3722 0
3723 0
3724 0
3725 0
3726 0
3727 0
3728 0
3729 0
3730 0
3731 0
3732 0
3733 0
3734 0
3735 0
3736 0
3737 0
3738 0
3739 0
3740 0
3741 0
3742 0
3743 0
3744 0
3745 0
3746 0
3747 0
3748 0
3749 0
3750 0
3751 0
3752 0
3753 0
3754 0
3755 0
3756 0
3757 0
3758 0
3759 0
3760 0
3761 0
3762 0
3763 0
3764 0
3765 0
3766 0
3767 0
3768 0
3769 0
3770 0
3771 0
3772 0
3773 0
3774 0
3775 0
3776 0
3777 0
3778 0
3779 0
3780 0
3781 0
3782 0
3783 0
3784 0
3785 0
3786 0
3787 0
3788 0
3789 0
3790 0
3791 0
3792 0
3793 0
3794 0
3795 0
3796 0
3797 0
3798 0
3799 0
3800 0
3801 0
3802 0
3803 0
3804 0
3805 0
3806 0
3807 0
3808 0
3809 0
3810 0
3811 0
3812 0
3813 0
3814 0
3815 0
3816 0
3817 0
3818 0
3819 0
3820 0
3821 0
3822 0
3823 0
3824 0
3825 0
3826 0
3827 0
3828 0
3829 0
3830 0
3831 0
3832 0
3833 0
3834 0
3835 0
3836 0
3837 0
3838 0
3839 0
3840 0
3841 0
3842 0
3843 0
3844 0
3845 0
3846 0
3847 0
3848 0
3849 0
3850 0
3851 0
3852 0
3853 0
3854 0
3855 0
3856 0
3857 0
3858 0
3859 0
3860 0
3861 0
3862 0
3863 0
3864 0
3865 0
3866 0
3867 0
3868 0
3869 0
3870 0
3871 0
3872 0
3873 0
3874 0
3875 0
3876 0
3877 0
3878 0
3879 0
3880 0
3881 0
3882 0
3883 0
3884 0
3885 0
3886 0
3887 0
3888 0
3889 0
3890 0
3891 0
3892 0
3893 0
3894 0
3895 0
3896 0
3897 0
3898 0
3899 0
3900 0
3901 0
3902 0
3903 0
3904 0
3905 0
3906 0
3907 0
3908 0
3909 0
3910 0
3911 0
3912 0
3913 0
3914 0
3915 0
3916 0
3917 0
3918 0
3919 0
3920 0
3921 0
3922 0
3923 0
3924 0
3925 0
3926 0
3927 0
3928 0
3929 0
3930 0
3931 0
3932 0
3933 0
3934 0
3935 0
3936 0
3937 0
3938 0
3939 0
3940 0
3941 0
3942 0
3943 0
3944 0
3945 0
3946 0
3947 0
3948 0
3949 0
3950 0
3951 0
3952 0
3953 0
3954 0
3955 0
3956 0
3957 0
3958 0
3959 0
3960 0
3961 0
3962 0
3963 0
3964 0
3965 0
3966 0
3967 0
3968 0
3969 0
3970 0
3971 0
3972 0
3973 0
3974 0
3975 0
3976 0
3977 0
3978 0
3979 0
3980 0
3981 0
3982 0
3983 0
3984 0
3985 0
3986 0
3987 0
3988 0
3989 0
3990 0
3991 0
3992 0
3993 0
3994 0
3995 0
3996 0
3997 0
3998 0
3999 0
4000 0
4001 0
4002 0
4003 0
4004 0
4005 0
4006 0
4007 0
4008 0
4009 0
4010 0
4011 0
4012 0
4013 0
4014 0
4015 0
4016 0
4017 0
4018 0
4019 0
4020 0
4021 0
4022 0
4023 0
4024 0
4025 0
4026 0
4027 0
4028 0
4029 0
4030 0
4031 0
4032 0
4033 0
4034 0
4035 0
4036 0
4037 0
4038 0
4039 0
4040 0
4041 0
4042 0
4043 0
4044 0
4045 0
4046 0
4047 0
4048 0
4049 0
4050 0
4051 0
4052 0
4053 0
4054 0
4055 0
4056 0
4057 0
4058 0
4059 0
4060 0
4061 0
4062 0
4063 0
4064 0
4065 0
4066 0
4067 0
4068 0
4069 0
4070 0
4071 0
4072 0
4073 0
4074 0
4075 0
4076 0
4077 0
4078 0
4079 0
4080 0
4081 0
4082 0
4083 0
4084 0
4085 0
4086 0
4087 0
4088 0
4089 0
4090 0
4091 0
4092 0
4093 0
4094 0
4095 0
4096 0
4097 0
4098 0
4099 0
4100 0
4101 0
4102 0
4103 0
4104 0
4105 0
4106 0
4107 0
4108 0
4109 0
4110 0
4111 0
4112 0
4113 0
4114 0
4115 0
4116 0
4117 0
4118 0
4119 0
4120 0
4121 0
4122 0
4123 0
4124 0
4125 0
4126 0
4127 0
4128 0
4129 0
4130 0
4131 0
4132 0
4133 0
4134 0
4135 0
4136 0
4137 0
4138 0
4139 0
4140 0
4141 0
4142 0
4143 0
4144 0
4145 0
4146 0
4147 0
4148 0
4149 0
4150 0
4151 0
4152 0
4153 0
4154 0
4155 0
4156 0
4157 0
4158 0
4159 0
4160 0
4161 0
4162 0
4163 0
4164 0
4165 0
4166 0
4167 0
4168 0
4169 0
4170 0
4171 0
4172 0
4173 0
4174 0
4175 0
4176 0
4177 0
4178 0
4179 0
4180 0
4181 0
4182 0
4183 0
4184 0
4185 0
4186 0
4187 0
4188 0
4189 0
4190 0
4191 0
4192 0
4193 0
4194 0
4195 0
4196 0
4197 0
4198 0
4199 0
4200 0
4201 0
4202 0
4203 0
4204 0
4205 0
4206 0
4207 0
4208 0
4209 0
4210 0
4211 0
4212 0
4213 0
4214 0
4215 0
4216 0
4217 0
4218 0
4219 0
4220 0
4221 0
4222 0
4223 0
4224 0
4225 0
4226 0
4227 0
4228 0
4229 0
4230 0
4231 0
4232 0
4233 0
4234 0
4235 0
4236 0
4237 0
4238 0
4239 0
4240 0
4241 0
4242 0
4243 0
4244 0
4245 0
4246 0
4247 0
4248 0
4249 0
4250 0
4251 0
4252 0
4253 0
4254 0
4255 0
4256 0
4257 0
4258 0
4259 0
4260 0
4261 0
4262 0
4263 0
4264 0
4265 0
4266 0
4267 0
4268 0
4269 0
4270 0
4271 0
4272 0
4273 0
4274 0
4275 0
4276 0
4277 0
4278 0
4279 0
4280 0
4281 0
4282 0
4283 0
4284 0
4285 0
4286 0
4287 0
4288 0
4289 0
4290 0
4291 0
4292 0
4293 0
4294 0
4295 0
4296 0
4297 0
4298 0
4299 0
4300 0
4301 0
4302 0
4303 0
4304 0
4305 0
4306 0
4307 0
4308 0
4309 0
4310 0
4311 0
4312 0
4313 0
4314 0
4315 0
4316 0
4317 0
4318 0
4319 0
4320 0
4321 0
4322 0
4323 0
4324 0
4325 0
4326 0
4327 0
4328 0
4329 0
4330 0
4331 0
4332 0
4333 0
4334 0
4335 0
4336 0
4337 0
4338 0
4339 0
4340 0
4341 0
4342 0
4343 0
4344 0
4345 0
4346 0
4347 0
4348 0
4349 0
4350 0
4351 0
4352 0
4353 0
4354 0
4355 0
4356 0
4357 0
4358 0
4359 0
4360 0
4361 0
4362 0
4363 0
4364 0
4365 0
4366 0
4367 0
4368 0
4369 0
4370 0
4371 0
4372 0
4373 0
4374 0
4375 0
4376 0
4377 0
4378 0
4379 0
4380 0
4381 0
4382 0
4383 0
4384 0
4385 0
4386 0
4387 0
4388 0
4389 0
4390 0
4391 0
4392 0
4393 0
4394 0
4395 0
4396 0
4397 0
4398 0
4399 0
4400 0
4401 0
4402 0
4403 0
4404 0
4405 0
4406 0
4407 0
4408 0
4409 0
4410 0
4411 0
4412 0
4413 0
4414 0
4415 0
4416 0
4417 0
4418 0
4419 0
4420 0
4421 0
4422 0
4423 0
4424 0
4425 0
4426 0
4427 0
4428 0
4429 0
4430 0
4431 0
4432 0
4433 0
4434 0
4435 0
4436 0
4437 0
4438 0
4439 0
4440 0
4441 0
4442 0
4443 0
4444 0
4445 0
4446 0
4447 0
4448 0
4449 0
4450 0
4451 0
4452 0
4453 0
4454 0
4455 0
4456 0
4457 0
4458 0
4459 0
4460 0
4461 0
4462 0
4463 0
4464 0
4465 0
4466 0
4467 0
4468 0
4469 0
4470 0
4471 0
4472 0
4473 0
4474 0
4475 0
4476 0
4477 0
4478 0
4479 0
4480 0
4481 0
4482 0
4483 0
4484 0
4485 0
4486 0
4487 0
4488 0
4489 0
4490 0
4491 0
4492 0
4493 0
4494 0
4495 0
4496 0
4497 0
4498 0
4499 0
4500 0
4501 0
4502 0
4503 0
4504 0
4505 0
4506 0
4507 0
4508 0
4509 0
4510 0
4511 0
4512 0
4513 0
4514 0
4515 0
4516 0
4517 0
4518 0
4519 0
4520 0
4521 0
4522 0
4523 0
4524 0
4525 0
4526 0
4527 0
4528 0
4529 0
4530 0
4531 0
4532 0
4533 0
4534 0
4535 0
4536 0
4537 0
4538 0
4539 0
4540 0
4541 0
4542 0
4543 0
4544 0
4545 0
4546 0
4547 0
4548 0
4549 0
4550 0
4551 0
4552 0
4553 0
4554 0
4555 0
4556 0
4557 0
4558 0
4559 0
4560 0
4561 0
4562 0
4563 0
4564 0
4565 0
4566 0
4567 0
4568 0
4569 0
4570 0
4571 0
4572 0
4573 0
4574 0
4575 0
4576 0
4577 0
4578 0
4579 0
4580 0
4581 0
4582 0
4583 0
4584 0
4585 0
4586 0
4587 0
4588 0
4589 0
4590 0
4591 0
4592 0
4593 0
4594 0
4595 0
4596 0
4597 0
4598 0
4599 0
4600 0
4601 0
4602 0
4603 0
4604 0
4605 0
4606 0
4607 0
4608 0
4609 0
4610 0
4611 0
4612 0
4613 0
4614 0
4615 0
4616 0
4617 0
4618 0
4619 0
4620 0
4621 0
4622 0
4623 0
4624 0
4625 0
4626 0
4627 0
4628 0
4629 0
4630 0
4631 0
4632 0
4633 0
4634 0
4635 0
4636 0
4637 0
4638 0
4639 0
4640 0
4641 0
4642 0
4643 0
4644 0
4645 0
4646 0
4647 0
4648 0
4649 0
4650 0
4651 0
4652 0
4653 0
4654 0
4655 0
4656 0
4657 0
4658 0
4659 0
4660 0
4661 0
4662 0
4663 0
4664 0
4665 0
4666 0
4667 0
4668 0
4669 0
4670 0
4671 0
4672 0
4673 0
4674 0
4675 0
4676 0
4677 0
4678 0
4679 0
4680 0
4681 0
4682 0
4683 0
4684 0
4685 0
4686 0
4687 0
4688 0
4689 0
4690 0
4691 0
4692 0
4693 0
4694 0
4695 0
4696 0
4697 0
4698 0
4699 0
4700 0
4701 0
4702 0
4703 0
4704 0
4705 0
4706 0
4707 0
4708 0
4709 0
4710 0
4711 0
4712 0
4713 0
4714 0
4715 0
4716 0
4717 0
4718 0
4719 0
4720 0
4721 0
4722 0
4723 0
4724 0
4725 0
4726 0
4727 0
4728 0
4729 0
4730 0
4731 0
4732 0
4733 0
4734 0
4735 0
4736 0
4737 0
4738 0
4739 0
4740 0
4741 0
4742 0
4743 0
4744 0
4745 0
4746 0
4747 0
4748 0
4749 0
4750 0
4751 0
4752 0
4753 0
4754 0
4755 0
4756 0
4757 0
4758 0
4759 0
4760 0
4761 0
4762 0
4763 0
4764 0
4765 0
4766 0
4767 0
4768 0
4769 0
4770 0
4771 0
4772 0
4773 0
4774 0
4775 0
4776 0
4777 0
4778 0
4779 0
4780 0
4781 0
4782 0
4783 0
4784 0
4785 0
4786 0
4787 0
4788 0
4789 0
4790 0
4791 0
4792 0
4793 0
4794 0
4795 0
4796 0
4797 0
4798 0
4799 0
4800 0
4801 0
4802 0
4803 0
4804 0
4805 0
4806 0
4807 0
4808 0
4809 0
4810 0
4811 0
4812 0
4813 0
4814 0
4815 0
4816 0
4817 0
4818 0
4819 0
4820 0
4821 0
4822 0
4823 0
4824 0
4825 0
4826 0
4827 0
4828 0
4829 0
4830 0
4831 0
4832 0
4833 0
4834 0
4835 0
4836 0
4837 0
4838 0
4839 0
4840 0
4841 0
4842 0
4843 0
4844 0
4845 0
4846 0
4847 0
4848 0
4849 0
4850 0
4851 0
4852 0
4853 0
4854 0
4855 0
4856 0
4857 0
4858 0
4859 0
4860 0
4861 0
4862 0
4863 0
4864 0
4865 0
4866 0
4867 0
4868 0
4869 0
4870 0
4871 0
4872 0
4873 0
4874 0
4875 0
4876 0
4877 0
4878 0
4879 0
4880 0
4881 0
4882 0
4883 0
4884 0
4885 0
4886 0
4887 0
4888 0
4889 0
4890 0
4891 0
4892 0
4893 0
4894 0
4895 0
4896 0
4897 0
4898 0
4899 0
4900 0
4901 0
4902 0
4903 0
4904 0
4905 0
4906 0
4907 0
4908 0
4909 0
4910 0
4911 0
4912 0
4913 0
4914 0
4915 0
4916 0
4917 0
4918 0
4919 0
4920 0
4921 0
4922 0
4923 0
4924 0
4925 0
4926 0
4927 0
4928 0
4929 0
4930 0
4931 0
4932 0
4933 0
4934 0
4935 0
4936 0
4937 0
4938 0
4939 0
4940 0
4941 0
4942 0
4943 0
4944 0
4945 0
4946 0
4947 0
4948 0
4949 0
4950 0
4951 0
4952 0
4953 0
4954 0
4955 0
4956 0
4957 0
4958 0
4959 0
4960 0
4961 0
4962 0
4963 0
4964 0
4965 0
4966 0
4967 0
4968 0
4969 0
4970 0
4971 0
4972 0
4973 0
4974 0
4975 0
4976 0
4977 0
4978 0
4979 0
4980 0
4981 0
4982 0
4983 0
4984 0
4985 0
4986 0
4987 0
4988 0
4989 0
4990 0
4991 0
4992 0
4993 0
4994 0
4995 0
4996 0
4997 0
4998 0
4999 0
5000 0
5001 0
5002 0
5003 0
5004 0
5005 0
5006 0
5007 0
5008 0
5009 0
5010 0
5011 0
5012 0
5013 0
5014 0
5015 0
5016 0
5017 0
5018 0
5019 0
5020 0
5021 0
5022 0
5023 0
5024 0
5025 0
5026 0
5027 0
5028 0
5029 0
5030 0
5031 0
5032 0
5033 0
5034 0
5035 0
5036 0
5037 0
5038 0
5039 0
5040 0
5041 1
5042 1
5043 1
5044 1
5045 1
5046 2
5047 3
5048 3
5049 3
5050 3
5051 3
5052 3
5053 3
5054 3
5055 3
5056 3
5057 3
5058 5
5059 5
5060 5
5061 5
5062 5
5063 5
5064 5
5065 5
5066 6
5067 6
5068 6
5069 6
5070 6
5071 6
5072 7
5073 7
5074 7
5075 7
5076 8
5077 8
5078 9
5079 9
5080 10
5081 10
5082 10
5083 11
5084 11
5085 12
5086 12
5087 12
5088 13
5089 13
5090 13
5091 13
5092 13
5093 13
5094 14
5095 14
5096 14
5097 14
5098 14
5099 14
5100 14
5101 14
5102 14
5103 14
5104 14
5105 14
5106 14
5107 14
5108 14
5109 14
5110 15
5111 15
5112 15
5113 15
5114 15
5115 15
5116 15
5117 15
5118 15
5119 15
5120 15
5121 15
5122 15
5123 15
5124 15
5125 15
5126 15
5127 15
5128 15
5129 16
5130 16
5131 16
5132 17
5133 18
5134 18
5135 19
5136 19
5137 19
5138 20
5139 20
5140 20
5141 20
5142 20
5143 20
5144 20
5145 20
5146 20
5147 20
5148 20
5149 20
5150 20
5151 21
5152 22
5153 22
5154 22
5155 22
5156 22
5157 22
5158 22
5159 22
5160 22
5161 22
5162 22
5163 22
5164 23
5165 24
5166 24
5167 24
5168 24
5169 24
5170 24
5171 24
5172 24
5173 24
5174 24
5175 24
5176 24
5177 24
5178 24
5179 24
5180 24
5181 24
5182 24
5183 24
5184 24
5185 24
5186 24
5187 24
5188 24
5189 24
5190 24
5191 24
5192 24
5193 24
5194 24
5195 24
5196 24
5197 24
5198 24
5199 24
5200 24
5201 24
5202 24
5203 24
5204 24
5205 24
5206 24
5207 24
5208 24
5209 24
5210 24
5211 24
5212 24
5213 24
5214 24
5215 24
5216 24
5217 25
5218 25
5219 25
5220 25
5221 25
5222 25
5223 25
5224 25
5225 25
5226 25
5227 25
5228 25
5229 25
5230 25
5231 25
5232 25
5233 25
5234 25
5235 25
5236 25
5237 25
5238 25
5239 25
5240 25
5241 25
5242 25
5243 25
5244 25
5245 25
5246 25
5247 25
5248 25
5249 25
5250 26
5251 26
5252 26
5253 26
5254 27
5255 27
5256 27
5257 27
5258 27
5259 27
5260 27
5261 27
5262 27
5263 27
5264 27
5265 27
5266 27
5267 27
5268 27
5269 27
5270 27
5271 27
5272 27
5273 27
5274 27
5275 27
5276 28
5277 28
5278 28
5279 28
5280 28
5281 28
5282 28
5283 28
5284 28
5285 28
5286 28
5287 28
5288 28
5289 28
5290 29
5291 29
5292 29
5293 29
5294 29
5295 29
5296 29
5297 29
5298 30
5299 30
5300 30
5301 30
5302 30
5303 30
5304 30
5305 30
5306 30
5307 30
5308 30
5309 30
5310 30
5311 30
5312 30
5313 30
5314 30
5315 30
5316 30
5317 30
5318 30
5319 30
5320 30
5321 30
5322 30
5323 30
5324 30
5325 30
5326 30
5327 30
5328 30
5329 30
5330 30
5331 30
5332 31
5333 31
5334 31
5335 31
5336 31
5337 31
5338 31
5339 31
5340 31
5341 31
5342 31
5343 31
5344 31
5345 31
5346 31
5347 31
5348 31
5349 31
5350 31
5351 31
5352 31
5353 31
5354 31
5355 31
5356 31
5357 31
5358 31
5359 31
5360 31
5361 31
5362 31
5363 31
5364 31
5365 31
5366 31
5367 31
5368 31
5369 31
5370 31
5371 31
5372 32
5373 32
5374 32
5375 32
5376 32
5377 32
5378 32
5379 32
5380 32
5381 32
5382 32
5383 32
5384 32
5385 32
5386 32
5387 32
5388 32
5389 32
5390 32
5391 32
5392 32
5393 32
5394 32
5395 32
5396 32
5397 32
5398 32
5399 32
5400 32
5401 32
5402 32
5403 32
5404 32
5405 32
5406 32
5407 32
5408 32
5409 32
5410 32
5411 32
5412 32
5413 32
5414 32
5415 32
5416 32
5417 32
5418 32
5419 32
5420 32
5421 32
5422 32
5423 32
5424 32
5425 32
5426 32
5427 32
5428 32
5429 32
5430 32
5431 32
5432 32
5433 32
5434 32
5435 32
5436 32
5437 32
5438 32
5439 32
5440 32
5441 32
5442 32
5443 32
5444 32
5445 32
5446 32
5447 32
5448 32
5449 32
5450 32
5451 32
5452 32
5453 32
5454 32
5455 32
5456 32
5457 32
5458 32
5459 32
5460 32
5461 32
5462 32
5463 32
5464 32
5465 32
5466 32
5467 32
5468 32
5469 32
5470 32
5471 32
5472 32
5473 32
5474 32
5475 32
5476 32
5477 32
5478 32
5479 32
5480 32
5481 32
5482 32
5483 32
5484 32
5485 32
5486 32
5487 32
5488 32
5489 32
5490 32
5491 32
5492 32
5493 32
5494 32
5495 32
5496 32
5497 32
5498 32
5499 32
5500 32
5501 32
5502 32
5503 32
5504 32
5505 32
5506 32
5507 32
5508 32
5509 32
5510 32
5511 32
5512 32
5513 32
5514 32
5515 32
5516 32
5517 32
5518 32
5519 32
5520 32
5521 32
5522 32
5523 32
5524 32
5525 32
5526 32
5527 32
5528 32
5529 32
5530 32
5531 32
5532 32
5533 32
5534 32
5535 32
5536 32
5537 32
5538 32
5539 32
5540 32
5541 32
5542 32
5543 32
5544 32
5545 32
5546 32
5547 32
5548 32
5549 32
5550 32
5551 32
5552 32
5553 32
5554 32
5555 32
5556 32
5557 32
5558 32
5559 32
5560 32
5561 32
5562 32
5563 32
5564 32
5565 32
5566 32
5567 32
5568 32
5569 32
5570 32
5571 32
5572 32
5573 32
5574 32
5575 32
5576 32
5577 32
5578 32
5579 32
5580 32
5581 32
5582 32
5583 32
5584 32
5585 32
5586 32
5587 32
5588 32
5589 32
5590 32
5591 32
5592 32
5593 32
5594 32
5595 32
5596 32
5597 32
5598 32
5599 32
5600 32
5601 32
5602 32
5603 32
5604 32
5605 32
5606 32
5607 32
5608 32
5609 32
5610 32
5611 32
5612 32
5613 32
5614 32
5615 32
5616 32
5617 32
5618 32
5619 32
5620 32
5621 32
5622 32
5623 32
5624 32
5625 32
5626 33
5627 33
5628 33
5629 33
5630 33
5631 33
5632 33
5633 33
5634 33
5635 33
5636 33
5637 33
5638 33
5639 33
5640 33
5641 33
5642 33
5643 33
5644 33
5645 33
5646 33
5647 33
5648 33
5649 33
5650 33
5651 33
5652 33
5653 33
5654 33
5655 33
5656 33
5657 33
5658 33
5659 33
5660 33
5661 33
5662 33
5663 33
5664 33
5665 33
5666 33
5667 33
5668 33
5669 33
5670 34
5671 34
5672 34
5673 34
5674 34
5675 34
5676 34
5677 34
5678 34
5679 34
5680 34
5681 34
5682 34
5683 34
5684 34
5685 34
5686 34
5687 34
5688 34
5689 34
5690 34
5691 34
5692 34
5693 34
5694 34
5695 34
5696 34
5697 34
5698 34
5699 34
5700 34
5701 34
5702 34
5703 34
5704 34
5705 34
5706 34
5707 34
5708 34
5709 34
5710 34
5711 34
5712 34
5713 34
5714 34
5715 34
5716 34
5717 34
5718 34
5719 34
5720 34
5721 34
5722 34
5723 34
5724 34
5725 34
5726 34
5727 34
5728 34
5729 34
5730 34
5731 34
5732 34
5733 34
5734 34
5735 34
5736 34
5737 34
5738 34
5739 34
5740 34
5741 35
5742 35
5743 35
5744 35
5745 35
5746 35
5747 35
5748 35
5749 35
5750 35
5751 35
5752 35
5753 35
5754 35
5755 35
5756 35
5757 35
5758 35
5759 35
5760 35
5761 35
5762 35
5763 35
5764 35
5765 35
5766 35
5767 36
5768 36
5769 36
5770 36
5771 37
5772 38
5773 38
5774 38
5775 38
5776 38
5777 38
5778 38
5779 38
5780 38
5781 38
5782 38
5783 38
5784 38
5785 38
5786 38
5787 38
5788 38
5789 38
5790 38
5791 38
5792 38
5793 38
5794 38
5795 38
5796 38
5797 38
5798 38
5799 38
5800 38
5801 38
5802 38
5803 38
5804 38
5805 38
5806 38
5807 38
5808 38
5809 38
5810 38
5811 38
5812 38
5813 38
5814 38
5815 38
5816 38
5817 38
5818 38
5819 38
5820 38
5821 38
5822 38
5823 38
5824 38
5825 38
5826 38
5827 38
5828 38
5829 38
5830 38
5831 38
5832 38
5833 38
5834 38
5835 38
5836 38
5837 38
5838 38
5839 38
5840 38
5841 38
5842 38
5843 38
5844 38
5845 38
5846 38
5847 38
5848 38
5849 38
5850 38
5851 38
5852 38
5853 38
5854 38
5855 38
5856 38
5857 38
5858 38
5859 38
5860 39
5861 39
5862 39
5863 39
5864 39
5865 39
5866 40
5867 40
5868 40
5869 40
5870 40
5871 40
5872 40
5873 40
5874 40
5875 40
5876 40
5877 40
5878 40
5879 40
5880 40
5881 40
5882 40
5883 40
5884 40
5885 40
5886 40
5887 40
5888 40
5889 40
5890 40
5891 40
5892 40
5893 40
5894 40
5895 40
5896 40
5897 40
5898 40
5899 40
5900 40
5901 40
5902 40
5903 40
5904 40
5905 40
5906 40
5907 40
5908 40
5909 40
5910 40
5911 40
5912 40
5913 40
5914 40
5915 40
5916 40
5917 40
5918 40
5919 40
5920 40
5921 40
5922 40
5923 40
5924 40
5925 40
5926 40
5927 40
5928 40
5929 40
5930 40
5931 40
5932 40
5933 40
5934 40
5935 40
5936 40
5937 40
5938 40
5939 40
5940 40
5941 40
5942 40
5943 40
5944 40
5945 40
5946 40
5947 40
5948 40
5949 40
5950 40
5951 40
5952 40
5953 40
5954 40
5955 40
5956 40
5957 40
5958 40
5959 40
5960 40
5961 40
5962 40
5963 40
5964 40
5965 40
5966 40
5967 40
5968 40
5969 40
5970 40
5971 40
5972 40
5973 40
5974 40
5975 40
5976 40
5977 40
5978 40
5979 40
5980 40
5981 40
5982 40
5983 40
5984 40
5985 40
5986 40
5987 40
5988 40
5989 40
5990 40
5991 40
5992 40
5993 40
5994 40
5995 40
5996 40
5997 40
5998 40
5999 40
6000 40
6001 40
6002 40
6003 40
6004 40
6005 40
6006 40
6007 40
6008 40
6009 40
6010 40
6011 40
6012 40
6013 41
6014 41
6015 41
6016 41
6017 41
6018 41
6019 41
6020 41
6021 41
6022 41
6023 41
6024 41
6025 41
6026 41
6027 41
6028 41
6029 41
6030 41
6031 41
6032 41
6033 41
6034 41
6035 41
6036 41
6037 41
6038 41
6039 41
6040 41
6041 41
6042 41
6043 41
6044 41
6045 41
6046 41
6047 41
6048 41
6049 41
6050 41
6051 41
6052 41
6053 41
6054 41
6055 41
6056 41
6057 41
6058 41
6059 41
6060 41
6061 41
6062 41
6063 41
6064 41
6065 41
6066 41
6067 41
6068 42
6069 42
6070 42
6071 42
6072 42
6073 42
6074 42
6075 42
6076 42
6077 42
6078 42
6079 42
6080 42
6081 42
6082 42
6083 42
6084 42
6085 42
6086 42
6087 42
6088 42
6089 42
6090 42
6091 42
6092 42
6093 42
6094 42
6095 42
6096 42
6097 42
6098 42
6099 42
6100 42
6101 42
6102 42
6103 42
6104 42
6105 42
6106 42
6107 42
6108 42
6109 42
6110 42
6111 42
6112 42
6113 42
6114 42
6115 42
6116 42
6117 42
6118 42
6119 42
6120 42
6121 42
6122 42
6123 42
6124 42
6125 42
6126 42
6127 42
6128 42
6129 42
6130 42
6131 42
6132 42
6133 42
6134 42
6135 42
6136 42
6137 42
6138 42
6139 42
6140 42
6141 42
6142 42
6143 42
6144 42
6145 42
6146 42
6147 42
6148 42
6149 42
6150 42
6151 42
6152 42
6153 42
6154 42
6155 42
6156 42
6157 42
6158 42
6159 42
6160 42
6161 42
6162 42
6163 42
6164 42
6165 42
6166 42
6167 42
6168 42
6169 42
6170 42
6171 42
6172 42
6173 42
6174 42
6175 42
6176 42
6177 42
6178 42
6179 42
6180 42
6181 42
6182 42
6183 42
6184 42
6185 42
6186 42
6187 42
6188 42
6189 42
6190 42
6191 42
6192 42
6193 42
6194 42
6195 42
6196 42
6197 42
6198 42
6199 42
6200 42
6201 42
6202 42
6203 42
6204 42
6205 42
6206 42
6207 42
6208 42
6209 42
6210 42
6211 42
6212 42
6213 42
6214 42
6215 42
6216 42
6217 42
6218 42
6219 42
6220 42
6221 42
6222 42
6223 42
6224 42
6225 42
6226 42
6227 42
6228 42
6229 42
6230 42
6231 42
6232 42
6233 42
6234 42
6235 42
6236 42
6237 42
6238 42
6239 42
6240 42
6241 42
6242 42
6243 42
6244 42
6245 42
6246 42
6247 42
6248 42
6249 42
6250 42
6251 42
6252 42
6253 42
6254 42
6255 42
6256 42
6257 42
6258 42
6259 42
6260 42
6261 42
6262 42
6263 42
6264 42
6265 42
6266 42
6267 42
6268 42
6269 42
6270 42
6271 42
6272 42
6273 42
6274 42
6275 42
6276 42
6277 42
6278 42
6279 42
6280 42
6281 42
6282 42
6283 42
6284 42
6285 42
6286 42
6287 42
6288 42
6289 42
6290 42
6291 42
6292 42
6293 42
6294 42
6295 42
6296 42
6297 42
6298 42
6299 42
6300 42
6301 42
6302 42
6303 42
6304 42
6305 42
6306 42
6307 42
6308 42
6309 42
6310 42
6311 42
6312 42
6313 42
6314 42
6315 42
6316 42
6317 42
6318 42
6319 42
6320 42
6321 42
6322 42
6323 42
6324 42
6325 42
6326 42
6327 42
6328 42
6329 42
6330 42
6331 42
6332 42
6333 42
6334 42
6335 42
6336 42
6337 42
6338 42
6339 42
6340 42
6341 42
6342 42
6343 42
6344 42
6345 42
6346 42
6347 42
6348 42
6349 42
6350 42
6351 42
6352 42
6353 42
6354 42
6355 42
6356 42
6357 42
6358 42
6359 42
6360 42
6361 42
6362 42
6363 42
6364 42
6365 42
6366 42
6367 42
6368 42
6369 42
6370 42
6371 42
6372 42
6373 42
6374 42
6375 42
6376 42
6377 42
6378 42
6379 42
6380 42
6381 42
6382 42
6383 42
6384 42
6385 42
6386 42
6387 42
6388 42
6389 42
6390 42
6391 42
6392 42
6393 42
6394 42
6395 42
6396 42
6397 42
6398 42
6399 42
6400 42
6401 42
6402 42
6403 42
6404 42
6405 42
6406 42
6407 42
6408 42
6409 42
6410 42
6411 42
6412 42
6413 42
6414 42
6415 42
6416 43
6417 43
6418 43
6419 43
6420 43
6421 43
6422 43
6423 43
6424 43
6425 43
6426 43
6427 43
6428 43
6429 43
6430 43
6431 43
6432 43
6433 43
6434 43
6435 43
6436 43
6437 43
6438 43
6439 43
6440 43
6441 43
6442 43
6443 43
6444 43
6445 43
6446 43
6447 43
6448 43
6449 43
6450 43
6451 43
6452 43
6453 43
6454 43
6455 43
6456 44
6457 44
6458 44
6459 44
6460 44
6461 44
6462 44
6463 44
6464 44
6465 44
6466 44
6467 44
6468 44
6469 44
6470 44
6471 44
6472 44
6473 44
6474 44
6475 44
6476 44
6477 44
6478 44
6479 44
6480 44
6481 44
6482 44
6483 44
6484 44
6485 44
6486 44
6487 44
6488 44
6489 44
6490 44
6491 44
6492 44
6493 44
6494 44
6495 44
6496 44
6497 44
6498 44
6499 44
6500 44
6501 44
6502 44
6503 44
6504 44
6505 44
6506 44
6507 44
6508 44
6509 44
6510 44
6511 44
6512 44
6513 44
6514 44
6515 44
6516 44
6517 44
6518 44
6519 44
6520 44
6521 44
6522 44
6523 44
6524 44
6525 44
6526 44
6527 44
6528 44
6529 44
6530 44
6531 44
6532 44
6533 44
6534 44
6535 44
6536 44
6537 44
6538 44
6539 44
6540 44
6541 44
6542 44
6543 44
6544 44
6545 44
6546 45
6547 45
6548 45
6549 45
6550 45
6551 45
6552 45
6553 45
6554 45
6555 45
6556 45
6557 45
6558 45
6559 45
6560 45
6561 45
6562 45
6563 45
6564 45
6565 45
6566 45
6567 45
6568 45
6569 45
6570 45
6571 45
6572 45
6573 45
6574 45
6575 45
6576 45
6577 45
6578 45
6579 45
6580 45
6581 45
6582 45
6583 45
6584 45
6585 45
6586 45
6587 45
6588 45
6589 45
6590 45
6591 45
6592 45
6593 45
6594 45
6595 45
6596 45
6597 45
6598 45
6599 45
6600 45
6601 45
6602 45
6603 45
6604 45
6605 45
6606 45
6607 45
6608 45
6609 45
6610 45
6611 45
6612 45
6613 45
6614 45
6615 45
6616 45
6617 45
6618 45
6619 45
6620 45
6621 45
6622 45
6623 45
6624 45
6625 45
6626 45
6627 45
6628 45
6629 45
6630 45
6631 45
6632 45
6633 45
6634 45
6635 45
6636 45
6637 45
6638 45
6639 45
6640 45
6641 45
6642 45
6643 45
6644 45
6645 45
6646 45
6647 45
6648 45
6649 45
6650 45
6651 45
6652 45
6653 45
6654 45
6655 45
6656 45
6657 45
6658 45
6659 45
6660 45
6661 45
6662 45
6663 45
6664 45
6665 45
6666 45
6667 45
6668 45
6669 45
6670 45
6671 45
6672 45
6673 45
6674 45
6675 45
6676 45
6677 45
6678 45
6679 45
6680 45
6681 45
6682 45
6683 45
6684 45
6685 45
6686 45
6687 45
6688 45
6689 45
6690 45
6691 45
6692 45
6693 45
6694 45
6695 45
6696 45
6697 45
6698 45
6699 45
6700 45
6701 45
6702 45
6703 45
6704 45
6705 45
6706 45
6707 45
6708 45
6709 45
6710 45
6711 45
6712 45
6713 45
6714 45
6715 45
6716 45
6717 45
6718 45
6719 45
6720 45
6721 45
6722 45
6723 45
6724 45
6725 45
6726 45
6727 45
6728 45
6729 45
6730 45
6731 45
6732 45
6733 45
6734 45
6735 45
6736 45
6737 45
6738 45
6739 45
6740 45
6741 45
6742 45
6743 45
6744 45
6745 45
6746 45
6747 45
6748 45
6749 45
6750 45
6751 45
6752 45
6753 45
6754 45
6755 45
6756 45
6757 45
6758 45
6759 45
6760 45
6761 45
6762 45
6763 45
6764 45
6765 45
6766 45
6767 45
6768 45
6769 45
6770 45
6771 45
6772 45
6773 45
6774 45
6775 45
6776 45
6777 45
6778 45
6779 45
6780 45
6781 45
6782 45
6783 45
6784 45
6785 45
6786 45
6787 45
6788 45
6789 45
6790 45
6791 45
6792 45
6793 45
6794 45
6795 45
6796 45
6797 45
6798 45
6799 45
6800 45
6801 45
6802 45
6803 45
6804 45
6805 45
6806 45
6807 45
6808 45
6809 45
6810 45
6811 45
6812 45
6813 45
6814 45
6815 45
6816 45
6817 45
6818 45
6819 45
6820 45
6821 45
6822 45
6823 45
6824 45
6825 45
6826 45
6827 45
6828 45
6829 45
6830 45
6831 45
6832 45
6833 45
6834 45
6835 45
6836 45
6837 45
6838 45
6839 45
6840 45
6841 45
6842 45
6843 45
6844 45
6845 45
6846 45
6847 45
6848 45
6849 45
6850 45
6851 45
6852 45
6853 45
6854 45
6855 45
6856 45
6857 45
6858 45
6859 45
6860 45
6861 45
6862 45
6863 45
6864 45
6865 45
6866 45
6867 45
6868 45
6869 45
6870 45
6871 45
6872 45
6873 45
6874 45
6875 45
6876 45
6877 45
6878 45
6879 45
6880 45
6881 45
6882 45
6883 45
6884 45
6885 45
6886 45
6887 45
6888 45
6889 45
6890 45
6891 45
6892 45
6893 45
6894 45
6895 45
6896 45
6897 45
6898 45
6899 45
6900 45
6901 45
6902 45
6903 45
6904 45
6905 45
6906 45
6907 45
6908 45
6909 45
6910 45
6911 45
6912 45
6913 45
6914 45
6915 45
6916 45
6917 45
6918 45
6919 45
6920 45
6921 45
6922 45
6923 45
6924 45
6925 45
6926 45
6927 46
6928 46
6929 46
6930 46
6931 46
6932 46
6933 46
6934 46
6935 46
6936 46
6937 46
6938 46
6939 46
6940 46
6941 46
6942 46
6943 46
6944 46
6945 46
6946 46
6947 46
6948 46
6949 46
6950 46
6951 46
6952 46
6953 46
6954 46
6955 46
6956 46
6957 46
6958 46
6959 46
6960 46
6961 46
6962 46
6963 46
6964 46
6965 46
6966 46
6967 46
6968 46
6969 46
6970 46
6971 46
6972 46
6973 46
6974 46
6975 46
6976 46
6977 46
6978 46
6979 46
6980 46
6981 46
6982 46
6983 46
6984 46
6985 46
6986 46
6987 46
6988 46
6989 46
6990 46
6991 46
6992 46
6993 46
6994 46
6995 46
6996 46
6997 46
6998 46
6999 46
7000 46
7001 46
7002 46
7003 46
7004 46
7005 46
7006 46
7007 46
7008 46
7009 46
7010 46
7011 46
7012 46
7013 46
7014 46
7015 46
7016 46
7017 46
7018 46
7019 46
7020 46
7021 46
7022 46
7023 46
7024 46
7025 46
7026 46
7027 46
7028 46
7029 46
7030 46
7031 46
7032 46
7033 46
7034 46
7035 46
7036 46
7037 46
7038 46
7039 46
7040 46
7041 46
7042 46
7043 46
7044 46
7045 46
7046 46
7047 46
7048 46
7049 46
7050 46
7051 46
7052 46
7053 46
7054 46
7055 46
7056 46
7057 46
7058 46
7059 46
7060 46
7061 46
7062 46
7063 46
7064 46
7065 46
7066 46
7067 46
7068 46
7069 46
7070 46
7071 46
7072 46
7073 46
7074 46
7075 46
7076 46
7077 46
7078 46
7079 46
7080 46
7081 46
7082 46
7083 46
7084 46
7085 46
7086 46
7087 46
7088 46
7089 46
7090 46
7091 46
7092 46
7093 46
7094 46
7095 46
7096 46
7097 46
7098 46
7099 46
7100 46
7101 46
7102 46
7103 46
7104 46
7105 46
7106 46
7107 46
7108 46
7109 46
7110 46
7111 46
7112 46
7113 46
7114 46
7115 46
7116 46
7117 46
7118 46
7119 46
7120 46
7121 46
7122 46
7123 46
7124 46
7125 46
7126 46
7127 46
7128 46
7129 46
7130 46
7131 46
7132 46
7133 46
7134 46
7135 46
7136 46
7137 46
7138 47
7139 47
7140 47
7141 47
7142 47
7143 47
7144 47
7145 47
7146 47
7147 47
7148 47
7149 47
7150 47
7151 47
7152 47
7153 47
7154 47
7155 47
7156 47
7157 47
7158 47
7159 47
7160 47
7161 47
7162 47
7163 47
7164 47
7165 47
7166 47
7167 47
7168 47
7169 47
7170 47
7171 47
7172 47
7173 47
7174 47
7175 47
7176 47
7177 47
7178 47
7179 47
7180 47
7181 47
7182 47
7183 47
7184 47
7185 47
7186 47
7187 47
7188 47
7189 47
7190 47
7191 47
7192 47
7193 47
7194 47
7195 47
7196 47
7197 47
7198 47
7199 47
7200 47
7201 47
7202 47
7203 47
7204 47
7205 47
7206 47
7207 47
7208 47
7209 47
7210 47
7211 47
7212 47
7213 47
7214 47
7215 47
7216 47
7217 47
7218 47
7219 47
7220 47
7221 47
7222 47
7223 47
7224 47
7225 47
7226 47
7227 47
7228 47
7229 47
7230 47
7231 47
7232 47
7233 47
7234 47
7235 47
7236 47
7237 47
7238 47
7239 47
7240 47
7241 47
7242 47
7243 47
7244 48
7245 48
7246 48
7247 48
7248 48
7249 48
7250 48
7251 48
7252 48
7253 48
7254 48
7255 48
7256 48
7257 48
7258 48
7259 48
7260 48
7261 48
7262 48
7263 48
7264 48
7265 48
7266 48
7267 48
7268 48
7269 48
7270 48
7271 48
7272 48
7273 48
7274 48
7275 48
7276 48
7277 48
7278 48
7279 48
7280 48
7281 48
7282 48
7283 48
7284 48
7285 48
7286 48
7287 48
7288 48
7289 48
7290 48
7291 48
7292 48
7293 48
7294 48
7295 48
7296 48
7297 48
7298 48
7299 48
7300 48
7301 48
7302 48
7303 48
7304 48
7305 48
7306 48
7307 48
7308 48
7309 48
7310 48
7311 48
7312 48
7313 48
7314 48
7315 48
7316 48
7317 48
7318 48
7319 48
7320 48
7321 48
7322 48
7323 48
7324 48
7325 48
7326 48
7327 48
7328 48
7329 48
7330 48
7331 48
7332 48
7333 48
7334 48
7335 48
7336 48
7337 48
7338 48
7339 48
7340 48
7341 48
7342 48
7343 48
7344 48
7345 48
7346 48
7347 48
7348 48
7349 48
7350 48
7351 48
7352 48
7353 48
7354 48
7355 48
7356 48
7357 48
7358 48
7359 48
7360 48
7361 48
7362 48
7363 48
7364 48
7365 48
7366 48
7367 48
7368 48
7369 48
7370 48
7371 48
7372 48
7373 48
7374 48
7375 48
7376 48
7377 48
7378 48
7379 48
7380 48
7381 48
7382 48
7383 48
7384 48
7385 48
7386 48
7387 48
7388 48
7389 48
7390 48
7391 48
7392 48
7393 48
7394 48
7395 48
7396 48
7397 48
7398 48
7399 48
7400 48
7401 48
7402 48
7403 48
7404 48
7405 48
7406 48
7407 48
7408 48
7409 48
7410 48
7411 48
7412 48
7413 48
7414 48
7415 48
7416 48
7417 48
7418 48
7419 48
7420 48
7421 48
7422 48
7423 48
7424 48
7425 48
7426 48
7427 48
7428 48
7429 48
7430 48
7431 48
7432 48
7433 48
7434 48
7435 48
7436 48
7437 48
7438 48
7439 48
7440 48
7441 48
7442 48
7443 48
7444 48
7445 48
7446 48
7447 48
7448 48
7449 48
7450 48
7451 48
7452 48
7453 48
7454 48
7455 48
7456 48
7457 48
7458 48
7459 48
7460 48
7461 48
7462 48
7463 48
7464 48
7465 48
7466 48
7467 48
7468 48
7469 48
7470 48
7471 48
7472 48
7473 48
7474 48
7475 48
7476 48
7477 48
7478 48
7479 48
7480 48
7481 48
7482 48
7483 48
7484 48
7485 48
7486 48
7487 48
7488 48
7489 48
7490 48
7491 48
7492 48
7493 48
7494 48
7495 48
7496 48
7497 48
7498 48
7499 48
7500 48
7501 48
7502 48
7503 48
7504 48
7505 48
7506 48
7507 48
7508 48
7509 48
7510 48
7511 48
7512 48
7513 48
7514 48
7515 48
7516 48
7517 48
7518 48
7519 48
7520 48
7521 48
7522 48
7523 48
7524 48
7525 48
7526 48
7527 48
7528 48
7529 48
7530 48
7531 48
7532 48
7533 48
7534 48
7535 48
7536 48
7537 48
7538 48
7539 48
7540 48
7541 48
7542 48
7543 48
7544 48
7545 48
7546 48
7547 48
7548 48
7549 48
7550 48
7551 48
7552 48
7553 48
7554 48
7555 48
7556 48
7557 48
7558 48
7559 48
7560 48
7561 48
7562 48
7563 48
7564 48
7565 48
7566 48
7567 48
7568 48
7569 48
7570 48
7571 48
7572 48
7573 48
7574 48
7575 48
7576 48
7577 48
7578 48
7579 48
7580 48
7581 48
7582 48
7583 48
7584 48
7585 48
7586 48
7587 48
7588 48
7589 48
7590 48
7591 48
7592 48
7593 48
7594 48
7595 48
7596 48
7597 48
7598 48
7599 48
7600 48
7601 48
7602 48
7603 48
7604 48
7605 48
7606 48
7607 48
7608 48
7609 48
7610 48
7611 48
7612 48
7613 48
7614 48
7615 48
7616 48
7617 48
7618 48
7619 48
7620 48
7621 48
7622 48
7623 48
7624 48
7625 48
7626 48
7627 48
7628 48
7629 48
7630 48
7631 48
7632 48
7633 48
7634 48
7635 48
7636 48
7637 48
7638 48
7639 48
7640 48
7641 48
7642 48
7643 48
7644 48
7645 48
7646 48
7647 48
7648 48
7649 48
7650 48
7651 48
7652 48
7653 48
7654 48
7655 48
7656 48
7657 48
7658 48
7659 48
7660 48
7661 48
7662 48
7663 48
7664 48
7665 48
7666 48
7667 48
7668 48
7669 48
7670 48
7671 48
7672 48
7673 48
7674 48
7675 48
7676 48
7677 48
7678 48
7679 48
7680 48
7681 48
7682 48
7683 48
7684 48
7685 48
7686 48
7687 48
7688 48
7689 48
7690 48
7691 48
7692 48
7693 48
7694 48
7695 48
7696 48
7697 48
7698 48
7699 48
7700 48
7701 48
7702 48
7703 48
7704 48
7705 48
7706 48
7707 48
7708 48
7709 48
7710 48
7711 48
7712 48
7713 48
7714 48
7715 48
7716 48
7717 48
7718 48
7719 48
7720 48
7721 48
7722 48
7723 48
7724 48
7725 48
7726 48
7727 48
7728 48
7729 48
7730 48
7731 48
7732 48
7733 48
7734 48
7735 48
7736 48
7737 48
7738 48
7739 48
7740 48
7741 48
7742 48
7743 48
7744 48
7745 48
7746 48
7747 48
7748 48
7749 48
7750 48
7751 48
7752 48
7753 48
7754 48
7755 48
7756 48
7757 48
7758 48
7759 48
7760 48
7761 48
7762 48
7763 48
7764 48
7765 48
7766 48
7767 48
7768 48
7769 48
7770 48
7771 48
7772 48
7773 48
7774 48
7775 48
7776 48
7777 48
7778 48
7779 48
7780 48
7781 48
7782 48
7783 48
7784 48
7785 48
7786 48
7787 48
7788 48
7789 48
7790 48
7791 48
7792 48
7793 48
7794 48
7795 48
7796 48
7797 48
7798 48
7799 48
7800 48
7801 48
7802 48
7803 48
7804 48
7805 48
7806 48
7807 48
7808 48
7809 48
7810 48
7811 48
7812 48
7813 48
7814 48
7815 48
7816 48
7817 48
7818 48
7819 48
7820 48
7821 48
7822 48
7823 48
7824 48
7825 48
7826 48
7827 48
7828 48
7829 48
7830 48
7831 48
7832 48
7833 48
7834 48
7835 48
7836 48
7837 48
7838 48
7839 48
7840 48
7841 48
7842 48
7843 48
7844 48
7845 49
7846 49
7847 49
7848 49
7849 49
7850 49
7851 49
7852 49
7853 49
7854 49
7855 49
7856 49
7857 49
7858 49
7859 49
7860 49
7861 49
7862 49
7863 49
7864 49
7865 49
7866 49
7867 49
7868 49
7869 49
7870 49
7871 49
7872 49
7873 49
7874 49
7875 49
7876 49
7877 49
7878 49
7879 49
7880 49
7881 49
7882 49
7883 49
7884 49
7885 49
7886 49
7887 49
7888 49
7889 49
7890 49
7891 49
7892 49
7893 49
7894 49
7895 49
7896 49
7897 49
7898 49
7899 49
7900 49
7901 49
7902 49
7903 49
7904 49
7905 49
7906 49
7907 49
7908 49
7909 49
7910 49
7911 49
7912 49
7913 49
7914 49
7915 49
7916 49
7917 49
7918 49
7919 49
7920 49
7921 49
7922 49
7923 49
7924 49
7925 49
7926 49
7927 49
7928 49
7929 49
7930 49
7931 49
7932 49
7933 49
7934 49
7935 49
7936 49
7937 49
7938 49
7939 49
7940 49
7941 49
7942 49
7943 49
7944 49
7945 49
7946 49
7947 49
7948 49
7949 49
7950 49
7951 49
7952 49
7953 49
7954 49
7955 49
7956 49
7957 49
7958 49
7959 49
7960 49
7961 49
7962 49
7963 49
7964 49
7965 49
7966 49
7967 49
7968 49
7969 49
7970 49
7971 49
7972 49
7973 49
7974 49
7975 49
7976 49
7977 49
7978 49
7979 49
7980 49
7981 49
7982 49
7983 49
7984 49
7985 49
7986 49
7987 49
7988 49
7989 49
7990 49
7991 49
7992 49
7993 49
7994 49
7995 49
7996 49
7997 49
7998 49
7999 49
8000 49
8001 49
8002 49
8003 49
8004 49
8005 49
8006 49
8007 49
8008 49
8009 49
8010 49
8011 49
8012 49
8013 49
8014 49
8015 49
8016 49
8017 49
8018 49
8019 49
8020 49
8021 49
8022 49
8023 49
8024 49
8025 49
8026 49
8027 49
8028 49
8029 49
8030 49
8031 49
8032 49
8033 49
8034 49
8035 49
8036 49
8037 49
8038 49
8039 49
8040 49
8041 49
8042 49
8043 49
8044 49
8045 49
8046 49
8047 49
8048 49
8049 49
8050 49
8051 49
8052 49
8053 49
8054 49
8055 49
8056 49
8057 49
8058 49
8059 49
8060 49
8061 49
8062 49
8063 49
8064 49
8065 49
8066 49
8067 49
8068 49
8069 49
8070 49
8071 49
8072 49
8073 49
8074 49
8075 49
8076 49
8077 49
8078 49
8079 49
8080 49
8081 49
8082 49
8083 49
8084 49
8085 49
8086 49
8087 49
8088 49
8089 49
8090 49
8091 49
8092 49
8093 49
8094 49
8095 49
8096 49
8097 49
8098 49
8099 49
8100 49
8101 49
8102 49
8103 49
8104 49
8105 49
8106 49
8107 49
8108 49
8109 49
8110 49
8111 49
8112 49
8113 49
8114 49
8115 49
8116 49
8117 49
8118 49
8119 49
8120 49
8121 49
8122 49
8123 49
8124 49
8125 49
8126 49
8127 49
8128 49
8129 49
8130 49
8131 49
8132 49
8133 49
8134 49
8135 49
8136 49
8137 49
8138 49
8139 49
8140 49
8141 49
8142 49
8143 49
8144 49
8145 49
8146 49
8147 49
8148 49
8149 49
8150 49
8151 49
8152 49
8153 49
8154 49
8155 49
8156 49
8157 49
8158 49
8159 49
8160 49
8161 49
8162 49
8163 49
8164 49
8165 49
8166 49
8167 49
8168 49
8169 49
8170 49
8171 49
8172 49
8173 49
8174 49
8175 49
8176 49
8177 49
8178 49
8179 49
8180 49
8181 49
8182 49
8183 49
8184 49
8185 49
8186 49
8187 49
8188 49
8189 49
8190 49
8191 49
8192 49
8193 49
8194 49
8195 49
8196 49
8197 49
8198 49
8199 49
8200 49
8201 49
8202 49
8203 49
8204 49
8205 49
8206 49
8207 49
8208 49
8209 49
8210 49
8211 49
8212 49
8213 49
8214 49
8215 49
8216 49
8217 49
8218 49
8219 49
8220 49
8221 49
8222 49
8223 49
8224 49
8225 49
8226 49
8227 49
8228 49
8229 49
8230 49
8231 49
8232 49
8233 49
8234 49
8235 49
8236 49
8237 49
8238 49
8239 49
8240 49
8241 49
8242 49
8243 49
8244 49
8245 49
8246 49
8247 49
8248 49
8249 49
8250 49
8251 49
8252 49
8253 49
8254 49
8255 49
8256 49
8257 49
8258 49
8259 49
8260 49
8261 49
8262 49
8263 49
8264 49
8265 49
8266 49
8267 49
8268 49
8269 49
8270 49
8271 49
8272 49
8273 49
8274 49
8275 49
8276 49
8277 49
8278 49
8279 49
8280 49
8281 49
8282 49
8283 49
8284 49
8285 49
8286 49
8287 49
8288 49
8289 49
8290 49
8291 49
8292 49
8293 49
8294 49
8295 49
8296 49
8297 49
8298 49
8299 49
8300 49
8301 49
8302 49
8303 49
8304 49
8305 49
8306 49
8307 49
8308 49
8309 49
8310 49
8311 49
8312 49
8313 49
8314 49
8315 49
8316 49
8317 49
8318 49
8319 49
8320 49
8321 49
8322 49
8323 49
8324 49
8325 49
8326 49
8327 49
8328 49
8329 49
8330 49
8331 49
8332 49
8333 49
8334 49
8335 49
8336 49
8337 49
8338 49
8339 49
8340 49
8341 49
8342 49
8343 49
8344 49
8345 49
8346 49
8347 49
8348 49
8349 49
8350 49
8351 49
8352 49
8353 49
8354 49
8355 49
8356 49
8357 49
8358 49
8359 49
8360 49
8361 49
8362 49
8363 49
8364 49
8365 49
8366 49
8367 49
8368 49
8369 49
8370 49
8371 49
8372 49
8373 49
8374 49
8375 49
8376 49
8377 49
8378 49
8379 49
8380 49
8381 49
8382 49
8383 49
8384 49
8385 49
8386 49
8387 49
8388 49
8389 49
8390 49
8391 49
8392 49
8393 49
8394 49
8395 49
8396 49
8397 49
8398 49
8399 49
8400 49
8401 49
8402 49
8403 49
8404 49
8405 49
8406 49
8407 49
8408 49
8409 49
8410 49
8411 49
8412 49
8413 49
8414 49
8415 49
8416 49
8417 49
8418 49
8419 49
8420 49
8421 49
8422 49
8423 49
8424 49
8425 49
8426 49
8427 49
8428 49
8429 49
8430 49
8431 49
8432 49
8433 49
8434 49
8435 49
8436 49
8437 49
8438 49
8439 49
8440 49
8441 49
8442 49
8443 49
8444 49
8445 49
8446 49
8447 49
8448 49
8449 49
8450 49
8451 49
8452 49
8453 49
8454 49
8455 49
8456 49
8457 49
8458 49
8459 49
8460 49
8461 49
8462 49
8463 49
8464 49
8465 49
8466 49
8467 49
8468 49
8469 49
8470 49
8471 49
8472 49
8473 49
8474 49
8475 49
8476 49
8477 49
8478 49
8479 49
8480 49
8481 49
8482 49
8483 49
8484 49
8485 49
8486 49
8487 49
8488 49
8489 49
8490 49
8491 49
8492 49
8493 49
8494 49
8495 49
8496 49
8497 49
8498 49
8499 49
8500 49
8501 49
8502 49
8503 49
8504 49
8505 49
8506 49
8507 49
8508 49
8509 49
8510 49
8511 49
8512 49
8513 49
8514 49
8515 49
8516 49
8517 49
8518 49
8519 49
8520 49
8521 49
8522 49
8523 49
8524 49
8525 49
8526 49
8527 49
8528 49
8529 49
8530 49
8531 49
8532 49
8533 49
8534 49
8535 49
8536 49
8537 49
8538 49
8539 49
8540 49
8541 49
8542 49
8543 49
8544 49
8545 49
8546 49
8547 49
8548 49
8549 49
8550 49
8551 49
8552 49
8553 49
8554 49
8555 49
8556 49
8557 49
8558 49
8559 49
8560 49
8561 49
8562 49
8563 49
8564 49
8565 49
8566 49
8567 49
8568 49
8569 49
8570 49
8571 49
8572 49
8573 49
8574 49
8575 49
8576 49
8577 49
8578 49
8579 49
8580 49
8581 49
8582 49
8583 49
8584 49
8585 49
8586 49
8587 49
8588 49
8589 49
8590 49
8591 49
8592 49
8593 49
8594 49
8595 49
8596 49
8597 49
8598 49
8599 49
8600 49
8601 49
8602 49
8603 49
8604 49
8605 49
8606 49
8607 49
8608 49
8609 49
8610 49
8611 49
8612 49
8613 49
8614 49
8615 49
8616 49
8617 49
8618 49
8619 49
8620 49
8621 49
8622 49
8623 49
8624 49
8625 49
8626 49
8627 49
8628 49
8629 49
8630 49
8631 49
8632 49
8633 49
8634 49
8635 49
8636 49
8637 49
8638 49
8639 49
8640 49
8641 49
8642 49
8643 49
8644 49
8645 49
8646 49
8647 49
8648 49
8649 49
8650 49
8651 49
8652 49
8653 49
8654 49
8655 49
8656 49
8657 49
8658 49
8659 49
8660 49
8661 49
8662 49
8663 49
8664 49
8665 49
8666 49
8667 49
8668 49
8669 49
8670 49
8671 49
8672 49
8673 49
8674 49
8675 49
8676 49
8677 49
8678 49
8679 49
8680 49
8681 49
8682 49
8683 49
8684 49
8685 49
8686 49
8687 49
8688 49
8689 49
8690 49
8691 49
8692 49
8693 49
8694 49
8695 49
8696 49
8697 49
8698 49
8699 49
8700 49
8701 49
8702 49
8703 49
8704 49
8705 49
8706 49
8707 49
8708 49
8709 49
8710 49
8711 49
8712 49
8713 49
8714 49
8715 49
8716 49
8717 49
8718 49
8719 49
8720 49
8721 49
8722 49
8723 49
8724 49
8725 49
8726 49
8727 49
8728 49
8729 49
8730 49
8731 49
8732 49
8733 49
8734 49
8735 49
8736 49
8737 49
8738 49
8739 49
8740 49
8741 49
8742 49
8743 49
8744 49
8745 49
8746 49
8747 49
8748 49
8749 49
8750 49
8751 49
8752 49
8753 49
8754 49
8755 49
8756 49
8757 49
8758 49
8759 49
8760 49
8761 49
8762 49
8763 49
8764 49
8765 49
8766 49
8767 49
8768 49
8769 49
8770 49
8771 49
8772 49
8773 49
8774 49
8775 49
8776 49
8777 49
8778 49
8779 49
8780 49
8781 49
8782 49
8783 49
8784 49
8785 49
8786 49
8787 49
8788 49
8789 49
8790 49
8791 49
8792 49
8793 49
8794 49
8795 49
8796 49
8797 49
8798 49
8799 49
8800 49
8801 49
8802 49
8803 49
8804 49
8805 49
8806 49
8807 49
8808 49
8809 49
8810 49
8811 49
8812 49
8813 49
8814 49
8815 49
8816 49
8817 49
8818 49
8819 49
8820 49
8821 49
8822 49
8823 49
8824 49
8825 49
8826 49
8827 49
8828 49
8829 49
8830 49
8831 49
8832 49
8833 49
8834 49
8835 49
8836 49
8837 49
8838 49
8839 49
8840 49
8841 49
8842 49
8843 49
8844 49
8845 49
8846 49
8847 49
8848 49
8849 49
8850 49
8851 49
8852 49
8853 49
8854 49
8855 49
8856 49
8857 49
8858 49
8859 49
8860 49
8861 49
8862 49
8863 49
8864 49
8865 49
8866 49
8867 49
8868 49
8869 49
8870 49
8871 49
8872 49
8873 49
8874 49
8875 49
8876 49
8877 49
8878 49
8879 49
8880 49
8881 49
8882 49
8883 49
8884 49
8885 49
8886 49
8887 49
8888 49
8889 49
8890 49
8891 49
8892 49
8893 49
8894 49
8895 49
8896 49
8897 49
8898 49
8899 49
8900 49
8901 49
8902 49
8903 49
8904 49
8905 49
8906 49
8907 49
8908 49
8909 49
8910 49
8911 49
8912 49
8913 49
8914 49
8915 49
8916 49
8917 49
8918 49
8919 49
8920 49
8921 49
8922 49
8923 49
8924 49
8925 49
8926 49
8927 49
8928 49
8929 49
8930 49
8931 49
8932 49
8933 49
8934 49
8935 49
8936 49
8937 49
8938 49
8939 49
8940 49
8941 49
8942 49
8943 49
8944 49
8945 49
8946 49
8947 49
8948 49
8949 49
8950 49
8951 49
8952 49
8953 49
8954 49
8955 49
8956 49
8957 49
8958 49
8959 49
8960 49
8961 49
8962 49
8963 49
8964 49
8965 49
8966 49
8967 49
8968 49
8969 49
8970 49
8971 49
8972 49
8973 49
8974 49
8975 49
8976 49
8977 49
8978 49
8979 49
8980 49
8981 49
8982 49
8983 49
8984 49
8985 49
8986 49
8987 49
8988 49
8989 49
8990 49
8991 49
8992 49
8993 49
8994 49
8995 49
8996 49
8997 49
8998 49
8999 49
9000 49
9001 49
9002 49
9003 49
9004 49
9005 49
9006 49
9007 49
9008 49
9009 49
9010 49
9011 49
9012 49
9013 49
9014 49
9015 49
9016 49
9017 49
9018 49
9019 49
9020 49
9021 49
9022 49
9023 49
9024 49
9025 49
9026 49
9027 49
9028 49
9029 49
9030 49
9031 49
9032 49
9033 49
9034 49
9035 49
9036 49
9037 49
9038 49
9039 49
9040 49
9041 49
9042 49
9043 49
9044 49
9045 49
9046 49
9047 49
9048 49
9049 49
9050 49
9051 49
9052 49
9053 49
9054 49
9055 49
9056 49
9057 49
9058 49
9059 49
9060 49
9061 49
9062 49
9063 49
9064 49
9065 49
9066 49
9067 49
9068 49
9069 49
9070 49
9071 49
9072 49
9073 49
9074 49
9075 49
9076 49
9077 49
9078 49
9079 49
9080 49
9081 49
9082 49
9083 49
9084 49
9085 49
9086 49
9087 49
9088 49
9089 49
9090 49
9091 49
9092 49
9093 49
9094 49
9095 49
9096 49
9097 49
9098 49
9099 49
9100 49
9101 49
9102 49
9103 49
9104 49
9105 49
9106 49
9107 49
9108 49
9109 49
9110 49
9111 49
9112 49
9113 49
9114 49
9115 49
9116 49
9117 49
9118 49
9119 49
9120 49
9121 49
9122 49
9123 49
9124 49
9125 49
9126 49
9127 49
9128 49
9129 49
9130 49
9131 49
9132 49
9133 49
9134 49
9135 49
9136 49
9137 49
9138 49
9139 49
9140 49
9141 49
9142 49
9143 49
9144 49
9145 49
9146 49
9147 49
9148 49
9149 49
9150 49
9151 49
9152 49
9153 49
9154 49
9155 49
9156 49
9157 49
9158 49
9159 49
9160 49
9161 49
9162 49
9163 49
9164 49
9165 49
9166 49
9167 49
9168 49
9169 49
9170 49
9171 49
9172 49
9173 49
9174 49
9175 49
9176 49
9177 49
9178 49
9179 49
9180 49
9181 49
9182 49
9183 49
9184 49
9185 49
9186 49
9187 49
9188 49
9189 49
9190 49
9191 49
9192 49
9193 49
9194 49
9195 49
9196 49
9197 49
9198 49
9199 49
9200 49
9201 49
9202 49
9203 49
9204 49
9205 49
9206 49
9207 49
9208 49
9209 49
9210 49
9211 49
9212 49
9213 49
9214 49
9215 49
9216 49
9217 49
9218 49
9219 49
9220 49
9221 49
9222 49
9223 49
9224 49
9225 49
9226 49
9227 49
9228 49
9229 49
9230 49
9231 49
9232 49
9233 49
9234 49
9235 49
9236 49
9237 49
9238 49
9239 49
9240 49
9241 49
9242 49
9243 49
9244 49
9245 49
9246 49
9247 49
9248 49
9249 49
9250 49
9251 49
9252 49
9253 49
9254 49
9255 49
9256 49
9257 49
9258 49
9259 49
9260 49
9261 49
9262 49
9263 49
9264 49
9265 49
9266 49
9267 49
9268 49
9269 49
9270 49
9271 49
9272 49
9273 49
9274 49
9275 49
9276 49
9277 49
9278 49
9279 49
9280 49
9281 49
9282 49
9283 49
9284 49
9285 49
9286 49
9287 49
9288 49
9289 49
9290 49
9291 49
9292 49
9293 49
9294 49
9295 49
9296 49
9297 49
9298 49
9299 49
9300 49
9301 49
9302 49
9303 49
9304 49
9305 49
9306 49
9307 49
9308 49
9309 49
9310 49
9311 49
9312 49
9313 49
9314 49
9315 49
9316 49
9317 50
9318 50
9319 50
9320 50
9321 50
9322 50
9323 50
9324 50
9325 50
9326 50
9327 50
9328 50
9329 50
9330 50
9331 50
9332 50
9333 50
9334 50
9335 50
9336 50
9337 50
9338 50
9339 50
9340 50
9341 50
9342 50
9343 50
9344 50
9345 50
9346 50
9347 50
9348 50
9349 50
9350 50
9351 50
9352 50
9353 50
9354 50
9355 50
9356 50
9357 50
9358 50
9359 50
9360 50
9361 50
9362 50
9363 50
9364 50
9365 50
9366 50
9367 50
9368 50
9369 50
9370 50
9371 50
9372 50
9373 50
9374 50
9375 50
9376 50
9377 50
9378 50
9379 50
9380 50
9381 50
9382 50
9383 50
9384 50
9385 50
9386 50
9387 50
9388 50
9389 50
9390 50
9391 50
9392 50
9393 50
9394 50
9395 50
9396 50
9397 50
9398 50
9399 50
9400 50
9401 50
9402 50
9403 50
9404 50
9405 50
9406 50
9407 50
9408 50
9409 50
9410 50
9411 50
9412 50
9413 50
9414 50
9415 50
9416 50
9417 50
9418 50
9419 50
9420 50
9421 50
9422 50
9423 50
9424 50
9425 50
9426 50
9427 50
9428 50
9429 50
9430 50
9431 50
9432 50
9433 50
9434 50
9435 50
9436 50
9437 50
9438 50
9439 50
9440 50
9441 50
9442 50
9443 50
9444 50
9445 50
9446 50
9447 50
9448 50
9449 50
9450 50
9451 50
9452 50
9453 50
9454 50
9455 50
9456 50
9457 50
9458 50
9459 50
9460 50
9461 50
9462 50
9463 50
9464 50
9465 50
9466 50
9467 50
9468 50
9469 50
9470 50
9471 50
9472 50
9473 50
9474 50
9475 50
9476 50
9477 50
9478 50
9479 50
9480 50
9481 50
9482 50
9483 50
9484 50
9485 50
9486 50
9487 50
9488 50
9489 50
9490 50
9491 50
9492 50
9493 50
9494 50
9495 50
9496 50
9497 50
9498 50
9499 50
9500 50
9501 50
9502 50
9503 50
9504 50
9505 50
9506 50
9507 50
9508 50
9509 50
9510 50
9511 50
9512 50
9513 50
9514 50
9515 50
9516 50
9517 50
9518 50
9519 50
9520 50
9521 50
9522 50
9523 50
9524 50
9525 50
9526 50
9527 50
9528 50
9529 50
9530 50
9531 50
9532 50
9533 50
9534 50
9535 50
9536 50
9537 50
9538 50
9539 50
9540 50
9541 50
9542 50
9543 50
9544 50
9545 50
9546 50
9547 50
9548 50
9549 50
9550 50
9551 50
9552 50
9553 50
9554 50
9555 50
9556 50
9557 50
9558 50
9559 50
9560 50
9561 50
9562 50
9563 50
9564 50
9565 50
9566 50
9567 50
9568 50
9569 50
9570 50
9571 50
9572 50
9573 50
9574 50
9575 50
9576 50
9577 50
9578 50
9579 50
9580 50
9581 50
9582 50
9583 50
9584 50
9585 50
9586 50
9587 50
9588 50
9589 50
9590 50
9591 50
9592 50
9593 50
9594 50
9595 50
9596 50
9597 50
9598 50
9599 50
9600 50
9601 50
9602 50
9603 50
9604 50
9605 50
9606 50
9607 50
9608 50
9609 50
9610 50
9611 50
9612 50
9613 50
9614 50
9615 50
9616 50
9617 50
9618 50
9619 50
9620 50
9621 50
9622 50
9623 50
9624 50
9625 50
9626 50
9627 50
9628 50
9629 50
9630 50
9631 50
9632 50
9633 50
9634 50
9635 50
9636 50
9637 50
9638 50
9639 50
9640 50
9641 50
9642 50
9643 50
9644 50
9645 50
9646 50
9647 50
9648 50
9649 50
9650 50
9651 50
9652 50
9653 50
9654 50
9655 50
9656 50
9657 50
9658 50
9659 50
9660 50
9661 50
9662 50
9663 50
9664 50
9665 50
9666 50
9667 50
9668 50
9669 50
9670 50
9671 50
9672 50
9673 50
9674 50
9675 50
9676 50
9677 50
9678 50
9679 50
9680 50
9681 50
9682 50
9683 50
9684 50
9685 50
9686 50
9687 50
9688 50
9689 50
9690 50
9691 50
9692 50
9693 50
9694 50
9695 50
9696 50
9697 50
9698 50
9699 50
9700 50
9701 50
9702 50
9703 50
9704 50
9705 50
9706 50
9707 50
9708 50
9709 50
9710 50
9711 50
9712 50
9713 50
9714 50
9715 50
9716 50
9717 50
9718 50
9719 50
9720 50
9721 50
9722 50
9723 50
9724 50
9725 50
9726 50
9727 50
9728 50
9729 50
9730 50
9731 50
9732 50
9733 50
9734 50
9735 50
9736 50
9737 50
9738 50
9739 50
9740 50
9741 50
9742 50
9743 50
9744 50
9745 50
9746 50
9747 50
9748 50
9749 50
9750 50
9751 50
9752 50
9753 50
9754 50
9755 50
9756 50
9757 50
9758 50
9759 50
9760 50
9761 50
9762 50
9763 50
9764 50
9765 50
9766 50
9767 50
9768 50
9769 50
9770 50
9771 50
9772 50
9773 50
9774 50
9775 50
9776 50
9777 50
9778 50
9779 50
9780 50
9781 50
9782 50
9783 50
9784 50
9785 50
9786 50
9787 50
9788 50
9789 50
9790 50
9791 50
9792 50
9793 50
9794 50
9795 50
9796 50
9797 50
9798 50
9799 50
9800 50
9801 50
9802 50
9803 50
9804 50
9805 50
9806 50
9807 50
9808 50
9809 50
9810 50
9811 50
9812 50
9813 50
9814 50
9815 50
9816 50
9817 50
9818 50
9819 50
9820 50
9821 50
9822 50
9823 50
9824 50
9825 50
9826 50
9827 50
9828 50
9829 50
9830 50
9831 50
9832 50
9833 50
9834 50
9835 50
9836 50
9837 50
9838 50
9839 50
9840 50
9841 50
9842 50
9843 50
9844 50
9845 50
9846 50
9847 50
9848 50
9849 50
9850 50
9851 50
9852 50
9853 50
9854 50
9855 50
9856 50
9857 50
9858 50
9859 50
9860 50
9861 50
9862 50
9863 50
9864 50
9865 50
9866 50
9867 50
9868 50
9869 50
9870 50
9871 50
9872 50
9873 50
9874 50
9875 50
9876 50
9877 50
9878 50
9879 50
9880 50
9881 50
9882 50
9883 50
9884 50
9885 50
9886 50
9887 50
9888 50
9889 50
9890 50
9891 50
9892 50
9893 50
9894 50
9895 50
9896 50
9897 50
9898 50
9899 50
9900 50
9901 50
9902 50
9903 50
9904 50
9905 50
9906 50
9907 50
9908 50
9909 50
9910 50
9911 50
9912 50
9913 50
9914 50
9915 50
9916 50
9917 50
9918 50
9919 50
9920 50
9921 50
9922 50
9923 50
9924 50
9925 50
9926 50
9927 50
9928 50
9929 50
9930 50
9931 50
9932 50
9933 50
9934 50
9935 50
9936 50
9937 50
9938 50
9939 50
9940 50
9941 50
9942 50
9943 50
9944 50
9945 50
9946 50
9947 50
9948 50
9949 50
9950 50
9951 50
9952 50
9953 50
9954 50
9955 50
9956 50
9957 50
9958 50
9959 50
9960 50
9961 50
9962 50
9963 50
9964 50
9965 50
9966 50
9967 50
9968 50
9969 50
9970 50
9971 50
9972 50
9973 50
9974 50
9975 50
9976 50
9977 50
9978 50
9979 50
9980 50
9981 50
9982 50
9983 50
9984 50
9985 50
9986 50
9987 50
9988 50
9989 50
9990 50
9991 50
9992 50
9993 50
9994 50
9995 50
9996 50
9997 50
9998 50
9999 50
10000 50
