0 0
10 0
20 0
30 0
40 0
50 0
60 0
70 0
80 0
90 0
100 0
110 0
120 0
130 0
140 0
150 0
160 0
170 0
180 0
190 0
200 0
210 0
220 0
230 0
240 0
250 0
260 0
270 0
280 0
290 0
300 0
310 0
320 0
330 0
340 0
350 0
360 0
370 0
380 0
390 0
400 0
410 0
420 0
430 0
440 0
450 0
460 0
470 0
480 0
490 0
500 0
510 0
520 0
530 0
540 0
550 0
560 0
570 0
580 0
590 0
600 0
610 0
620 0
630 0
640 0
650 0
660 0
670 0
680 0
690 0
700 0
710 0
720 0
730 0
740 0
750 0
760 0
770 0
780 0
790 0
800 0
810 0
820 0
830 0
840 0
850 0
860 0
870 0
880 0
890 0
900 0
910 0
920 0
930 1
940 1
950 1
960 1
970 1
980 1
990 1
1000 1
1010 1
1020 1
1030 2
1040 2
1050 2
1060 2
1070 2
1080 2
1090 2
1100 2
1110 2
1120 2
1130 2
1140 2
1150 2
1160 2
1170 2
1180 2
1190 2
1200 2
1210 2
1220 2
1230 2
1240 2
1250 2
1260 2
1270 2
1280 2
1290 2
1300 2
1310 2
1320 2
1330 2
1340 2
1350 2
1360 2
1370 2
1380 2
1390 2
1400 2
1410 2
1420 2
1430 2
1440 2
1450 2
1460 2
1470 2
1480 2
1490 2
1500 2
1510 3
1520 3
1530 3
1540 3
1550 3
1560 3
1570 3
1580 3
1590 3
1600 3
1610 3
1620 3
1630 3
1640 4
1650 4
1660 4
1670 4
1680 4
1690 4
1700 4
1710 4
1720 4
1730 4
1740 4
1750 4
1760 4
1770 4
1780 4
1790 4
1800 4
1810 4
1820 4
1830 4
1840 4
1850 4
1860 4
1870 4
1880 4
1890 4
1900 4
1910 4
1920 4
1930 4
1940 4
1950 4
1960 4
1970 4
1980 4
1990 4
2000 4
2010 4
2020 4
2030 4
2040 4
2050 4
2060 4
2070 4
2080 4
2090 4
2100 4
2110 4
2120 4
2130 4
2140 4
2150 4
2160 4
2170 4
2180 4
2190 4
2200 4
2210 4
2220 4
2230 4
2240 4
2250 4
2260 4
2270 4
2280 4
2290 4
2300 4
2310 4
2320 4
2330 4
2340 4
2350 4
2360 4
2370 4
2380 4
2390 4
2400 4
2410 4
2420 4
2430 4
2440 4
2450 4
2460 4
2470 4
2480 4
2490 4
2500 4
2510 4
2520 4
2530 4
2540 4
2550 4
2560 4
2570 4
2580 4
2590 4
2600 4
2610 4
2620 4
2630 4
2640 4
2650 4
2660 4
2670 4
2680 5
2690 5
2700 5
2710 5
2720 5
2730 5
2740 5
2750 5
2760 5
2770 5
2780 5
2790 5
2800 5
2810 5
2820 5
2830 5
2840 5
2850 5
2860 5
2870 5
2880 5
2890 5
2900 5
2910 5
2920 5
2930 5
2940 5
2950 5
2960 5
2970 5
2980 5
2990 5
3000 5
3010 5
3020 5
3030 5
3040 5
3050 5
3060 5
3070 5
3080 5
3090 5
3100 5
3110 5
3120 5
3130 6
3140 6
3150 6
3160 6
3170 6
3180 6
3190 6
3200 6
3210 6
3220 6
3230 6
3240 6
3250 6
3260 6
3270 6
3280 6
3290 6
3300 6
3310 6
3320 6
3330 6
3340 6
3350 6
3360 6
3370 6
3380 6
3390 6
3400 6
3410 6
3420 6
3430 6
3440 6
3450 6
3460 6
3470 6
3480 6
3490 6
3500 6
3510 6
3520 6
3530 6
3540 6
3550 6
3560 6
3570 6
3580 6
3590 6
3600 6
3610 6
3620 6
3630 6
3640 6
3650 6
3660 6
3670 6
3680 6
3690 6
3700 6
3710 6
3720 6
3730 6
3740 6
3750 6
3760 6
3770 6
3780 6
3790 6
3800 6
3810 6
3820 6
3830 6
3840 6
3850 6
3860 6
3870 6
3880 6
3890 6
3900 6
3910 6
3920 6
3930 6
3940 6
3950 6
3960 6
3970 6
3980 6
3990 6
4000 6
4010 6
4020 6
4030 6
4040 6
4050 6
4060 6
4070 6
4080 6
4090 6
4100 6
4110 6
4120 6
4130 6
4140 6
4150 6
4160 6
4170 6
4180 6
4190 6
4200 6
4210 6
4220 6
4230 6
4240 6
4250 6
4260 6
4270 6
4280 6
4290 6
4300 6
4310 6
4320 6
4330 6
4340 6
4350 6
4360 6
4370 6
4380 6
4390 6
4400 6
4410 6
4420 6
4430 6
4440 6
4450 6
4460 6
4470 6
4480 6
4490 6
4500 6
4510 6
4520 6
4530 6
4540 6
4550 6
4560 6
4570 6
4580 6
4590 6
4600 6
4610 6
4620 6
4630 6
4640 6
4650 6
4660 6
4670 6
4680 6
4690 6
4700 6
4710 6
4720 6
4730 6
4740 6
4750 6
4760 6
4770 6
4780 6
4790 6
4800 6
4810 6
4820 6
4830 6
4840 6
4850 6
4860 6
4870 6
4880 6
4890 6
4900 6
4910 6
4920 6
4930 6
4940 6
4950 6
4960 6
4970 6
4980 6
4990 6
5000 6
5010 6
5020 6
5030 6
5040 6
5050 6
5060 6
5070 6
5080 6
5090 6
5100 6
5110 6
5120 6
5130 6
5140 6
5150 6
5160 6
5170 6
5180 6
5190 6
5200 6
5210 6
5220 6
5230 6
5240 6
5250 6
5260 6
5270 6
5280 6
5290 6
5300 6
5310 6
5320 6
5330 6
5340 6
5350 6
5360 6
5370 6
5380 6
5390 6
5400 6
5410 6
5420 6
5430 6
5440 6
5450 6
5460 6
5470 6
5480 6
5490 6
5500 6
5510 6
5520 6
5530 6
5540 6
5550 6
5560 6
5570 6
5580 6
5590 6
5600 6
5610 6
5620 6
5630 6
5640 6
5650 6
5660 6
5670 6
5680 6
5690 6
5700 6
5710 6
5720 6
5730 6
5740 6
5750 6
5760 6
5770 6
5780 6
5790 6
5800 6
5810 6
5820 6
5830 6
5840 6
5850 6
5860 6
5870 6
5880 6
5890 6
5900 6
5910 6
5920 6
5930 6
5940 6
5950 6
5960 6
5970 6
5980 6
5990 6
6000 6
6010 6
6020 6
6030 6
6040 6
6050 6
6060 6
6070 6
6080 6
6090 6
6100 6
6110 6
6120 6
6130 6
6140 6
6150 6
6160 6
6170 6
6180 6
6190 6
6200 6
6210 6
6220 6
6230 6
6240 6
6250 6
6260 6
6270 6
6280 6
6290 6
6300 6
6310 6
6320 6
6330 6
6340 6
6350 6
6360 6
6370 6
6380 6
6390 6
6400 6
6410 6
6420 6
6430 6
6440 6
6450 6
6460 6
6470 6
6480 6
6490 6
6500 6
6510 6
6520 6
6530 6
6540 6
6550 6
6560 6
6570 6
6580 6
6590 6
6600 6
6610 6
6620 6
6630 6
6640 6
6650 6
6660 6
6670 6
6680 6
6690 6
6700 6
6710 6
6720 6
6730 6
6740 6
6750 6
6760 6
6770 6
6780 6
6790 6
6800 6
6810 6
6820 6
6830 6
6840 6
6850 6
6860 6
6870 6
6880 6
6890 6
6900 6
6910 6
6920 6
6930 6
6940 6
6950 6
6960 6
6970 6
6980 6
6990 6
7000 6
7010 6
7020 6
7030 6
7040 6
7050 6
7060 6
7070 6
7080 6
7090 6
7100 6
7110 6
7120 6
7130 6
7140 6
7150 6
7160 6
7170 6
7180 6
7190 6
7200 6
7210 6
7220 6
7230 6
7240 6
7250 6
7260 6
7270 6
7280 6
7290 6
7300 6
7310 6
7320 6
7330 6
7340 6
7350 6
7360 6
7370 6
7380 6
7390 6
7400 6
7410 6
7420 6
7430 6
7440 6
7450 6
7460 6
7470 6
7480 6
7490 6
7500 6
7510 6
7520 6
7530 6
7540 6
7550 6
7560 6
7570 6
7580 6
7590 6
7600 6
7610 6
7620 6
7630 6
7640 6
7650 6
7660 6
7670 6
7680 6
7690 6
7700 6
7710 6
7720 6
7730 6
7740 6
7750 6
7760 6
7770 6
7780 6
7790 6
7800 6
7810 6
7820 6
7830 6
7840 6
7850 6
7860 6
7870 6
7880 6
7890 6
7900 6
7910 6
7920 6
7930 6
7940 6
7950 6
7960 6
7970 6
7980 6
7990 6
8000 6
8010 6
8020 6
8030 6
8040 6
8050 6
8060 6
8070 6
8080 6
8090 6
8100 6
8110 6
8120 6
8130 6
8140 6
8150 6
8160 6
8170 6
8180 6
8190 6
8200 6
8210 6
8220 6
8230 6
8240 6
8250 6
8260 6
8270 6
8280 6
8290 6
8300 6
8310 6
8320 6
8330 6
8340 6
8350 6
8360 6
8370 6
8380 6
8390 6
8400 6
8410 6
8420 6
8430 6
8440 6
8450 6
8460 6
8470 6
8480 6
8490 6
8500 6
8510 6
8520 6
8530 6
8540 6
8550 6
8560 6
8570 6
8580 6
8590 6
8600 6
8610 6
8620 6
8630 6
8640 6
8650 6
8660 6
8670 6
8680 6
8690 6
8700 6
8710 6
8720 6
8730 6
8740 6
8750 6
8760 6
8770 6
8780 6
8790 6
8800 6
8810 6
8820 6
8830 6
8840 6
8850 6
8860 6
8870 6
8880 6
8890 6
8900 6
8910 6
8920 6
8930 6
8940 6
8950 6
8960 6
8970 6
8980 6
8990 6
9000 6
9010 6
9020 6
9030 6
9040 6
9050 6
9060 6
9070 6
9080 6
9090 6
9100 6
9110 6
9120 6
9130 6
9140 6
9150 6
9160 6
9170 6
9180 6
9190 6
9200 6
9210 6
9220 6
9230 6
9240 6
9250 6
9260 6
9270 6
9280 6
9290 6
9300 6
9310 6
9320 6
9330 6
9340 6
9350 6
9360 6
9370 6
9380 6
9390 6
9400 6
9410 6
9420 6
9430 6
9440 6
9450 6
9460 6
9470 6
9480 6
9490 6
9500 6
9510 6
9520 6
9530 6
9540 6
9550 6
9560 6
9570 6
9580 6
9590 6
9600 6
9610 6
9620 6
9630 6
9640 6
9650 6
9660 6
9670 6
9680 6
9690 6
9700 6
9710 6
9720 6
9730 6
9740 6
9750 6
9760 6
9770 6
9780 6
9790 6
9800 6
9810 6
9820 6
9830 6
9840 6
9850 6
9860 6
9870 6
9880 6
9890 6
9900 6
9910 6
9920 6
9930 6
9940 6
9950 6
9960 6
9970 6
9980 6
9990 6
10000 6
