0 0
10 0
20 0
30 0
40 0
50 0
60 0
70 0
80 0
90 0
100 0
110 0
120 0
130 0
140 0
150 0
160 0
170 0
180 0
190 0
200 0
210 0
220 0
230 0
240 0
250 0
260 0
270 0
280 0
290 0
300 0
310 0
320 0
330 0
340 0
350 0
360 0
370 0
380 0
390 0
400 0
410 0
420 0
430 0
440 0
450 0
460 0
470 0
480 0
490 0
500 0
510 0
520 0
530 1
540 2
550 3
560 4
570 6
580 7
590 10
600 10
610 11
620 13
630 13
640 14
650 15
660 16
670 16
680 18
690 19
700 19
710 19
720 19
730 19
740 20
750 22
760 22
770 22
780 22
790 22
800 22
810 22
820 23
830 25
840 26
850 26
860 26
870 26
880 26
890 26
900 26
910 29
920 29
930 29
940 29
950 29
960 30
970 30
980 30
990 31
1000 33
1010 33
1020 33
1030 33
1040 33
1050 33
1060 33
1070 33
1080 34
1090 34
1100 34
1110 34
1120 34
1130 34
1140 34
1150 34
1160 34
1170 34
1180 34
1190 34
1200 34
1210 34
1220 34
1230 34
1240 34
1250 34
1260 34
1270 34
1280 34
1290 34
1300 34
1310 34
1320 34
1330 34
1340 34
1350 35
1360 36
1370 37
1380 37
1390 37
1400 37
1410 37
1420 37
1430 37
1440 37
1450 37
1460 37
1470 37
1480 38
1490 38
1500 38
1510 38
1520 38
1530 39
1540 39
1550 39
1560 39
1570 39
1580 39
1590 39
1600 39
1610 39
1620 39
1630 39
1640 39
1650 39
1660 39
1670 39
1680 39
1690 39
1700 39
1710 39
1720 39
1730 39
1740 40
1750 40
1760 40
1770 40
1780 40
1790 40
1800 40
1810 40
1820 40
1830 40
1840 40
1850 40
1860 40
1870 40
1880 41
1890 41
1900 41
1910 41
1920 41
1930 41
1940 41
1950 41
1960 41
1970 41
1980 41
1990 41
2000 41
2010 41
2020 41
2030 41
2040 41
2050 41
2060 41
2070 41
2080 41
2090 41
2100 41
2110 41
2120 41
2130 41
2140 42
2150 42
2160 42
2170 42
2180 42
2190 42
2200 42
2210 43
2220 43
2230 43
2240 43
2250 43
2260 43
2270 43
2280 43
2290 43
2300 43
2310 43
2320 43
2330 43
2340 44
2350 44
2360 44
2370 44
2380 44
2390 44
2400 44
2410 44
2420 44
2430 44
2440 44
2450 44
2460 44
2470 44
2480 44
2490 44
2500 44
2510 44
2520 44
2530 44
2540 45
2550 45
2560 45
2570 45
2580 45
2590 45
2600 45
2610 45
2620 45
2630 45
2640 45
2650 45
2660 45
2670 45
2680 45
2690 45
2700 45
2710 45
2720 45
2730 45
2740 45
2750 45
2760 45
2770 45
2780 45
2790 45
2800 45
2810 45
2820 45
2830 45
2840 45
2850 45
2860 46
2870 46
2880 46
2890 46
2900 46
2910 46
2920 46
2930 46
2940 46
2950 46
2960 46
2970 46
2980 46
2990 46
3000 46
3010 46
3020 46
3030 46
3040 46
3050 46
3060 46
3070 46
3080 46
3090 46
3100 46
3110 46
3120 46
3130 46
3140 46
3150 46
3160 46
3170 46
3180 46
3190 46
3200 46
3210 47
3220 47
3230 47
3240 47
3250 47
3260 47
3270 47
3280 47
3290 47
3300 47
3310 47
3320 47
3330 47
3340 47
3350 47
3360 47
3370 47
3380 47
3390 48
3400 48
3410 48
3420 48
3430 48
3440 48
3450 48
3460 48
3470 48
3480 48
3490 48
3500 48
3510 48
3520 48
3530 48
3540 48
3550 48
3560 48
3570 48
3580 48
3590 48
3600 48
3610 48
3620 48
3630 48
3640 48
3650 48
3660 48
3670 48
3680 48
3690 48
3700 48
3710 48
3720 48
3730 48
3740 48
3750 48
3760 48
3770 48
3780 48
3790 48
3800 48
3810 48
3820 48
3830 48
3840 48
3850 48
3860 48
3870 48
3880 48
3890 48
3900 48
3910 48
3920 48
3930 48
3940 48
3950 48
3960 48
3970 48
3980 48
3990 48
4000 48
4010 48
4020 48
4030 48
4040 48
4050 48
4060 48
4070 48
4080 48
4090 48
4100 48
4110 48
4120 48
4130 48
4140 48
4150 48
4160 48
4170 48
4180 48
4190 48
4200 48
4210 48
4220 48
4230 48
4240 48
4250 48
4260 49
4270 49
4280 49
4290 49
4300 49
4310 49
4320 49
4330 49
4340 49
4350 49
4360 49
4370 49
4380 49
4390 49
4400 49
4410 49
4420 49
4430 49
4440 49
4450 49
4460 49
4470 49
4480 49
4490 49
4500 49
4510 49
4520 49
4530 49
4540 49
4550 49
4560 49
4570 49
4580 49
4590 49
4600 49
4610 49
4620 49
4630 49
4640 49
4650 49
4660 49
4670 49
4680 49
4690 49
4700 49
4710 49
4720 49
4730 49
4740 49
4750 49
4760 49
4770 49
4780 49
4790 49
4800 49
4810 49
4820 49
4830 49
4840 49
4850 49
4860 49
4870 49
4880 49
4890 49
4900 49
4910 49
4920 49
4930 49
4940 49
4950 49
4960 49
4970 49
4980 49
4990 49
5000 49
5010 49
5020 49
5030 49
5040 49
5050 49
5060 49
5070 49
5080 49
5090 49
5100 49
5110 49
5120 49
5130 49
5140 49
5150 49
5160 49
5170 49
5180 49
5190 49
5200 49
5210 49
5220 49
5230 49
5240 49
5250 49
5260 49
5270 49
5280 49
5290 49
5300 49
5310 49
5320 49
5330 49
5340 49
5350 49
5360 49
5370 49
5380 49
5390 49
5400 49
5410 49
5420 49
5430 49
5440 49
5450 49
5460 49
5470 49
5480 49
5490 49
5500 49
5510 49
5520 49
5530 49
5540 49
5550 49
5560 49
5570 49
5580 49
5590 49
5600 49
5610 49
5620 49
5630 49
5640 49
5650 49
5660 49
5670 49
5680 49
5690 49
5700 49
5710 49
5720 49
5730 49
5740 49
5750 49
5760 49
5770 49
5780 49
5790 49
5800 49
5810 49
5820 49
5830 49
5840 49
5850 49
5860 49
5870 49
5880 49
5890 49
5900 49
5910 49
5920 49
5930 49
5940 49
5950 49
5960 49
5970 49
5980 49
5990 49
6000 49
6010 49
6020 49
6030 49
6040 49
6050 49
6060 49
6070 49
6080 49
6090 49
6100 49
6110 49
6120 49
6130 49
6140 49
6150 49
6160 49
6170 49
6180 49
6190 49
6200 49
6210 49
6220 49
6230 49
6240 49
6250 49
6260 49
6270 49
6280 49
6290 49
6300 49
6310 49
6320 49
6330 49
6340 49
6350 49
6360 49
6370 49
6380 49
6390 49
6400 49
6410 49
6420 49
6430 49
6440 49
6450 49
6460 49
6470 49
6480 49
6490 49
6500 49
6510 49
6520 49
6530 49
6540 49
6550 49
6560 49
6570 49
6580 49
6590 49
6600 49
6610 49
6620 49
6630 49
6640 49
6650 49
6660 49
6670 49
6680 49
6690 49
6700 49
6710 49
6720 49
6730 49
6740 49
6750 49
6760 49
6770 49
6780 49
6790 49
6800 49
6810 49
6820 49
6830 49
6840 49
6850 49
6860 49
6870 49
6880 49
6890 49
6900 49
6910 49
6920 49
6930 49
6940 49
6950 49
6960 49
6970 49
6980 49
6990 49
7000 49
7010 49
7020 49
7030 49
7040 49
7050 49
7060 50
7070 50
7080 50
7090 50
7100 50
7110 50
7120 50
7130 50
7140 50
7150 50
7160 50
7170 50
7180 50
7190 50
7200 50
7210 50
7220 50
7230 50
7240 50
7250 50
7260 50
7270 50
7280 50
7290 50
7300 50
7310 50
7320 50
7330 50
7340 50
7350 50
7360 50
7370 50
7380 50
7390 50
7400 50
7410 50
7420 50
7430 50
7440 50
7450 50
7460 50
7470 50
7480 50
7490 50
7500 50
7510 50
7520 50
7530 50
7540 50
7550 50
7560 50
7570 50
7580 50
7590 50
7600 50
7610 50
7620 50
7630 50
7640 50
7650 50
7660 50
7670 50
7680 50
7690 50
7700 50
7710 50
7720 50
7730 50
7740 50
7750 50
7760 50
7770 50
7780 50
7790 50
7800 50
7810 50
7820 50
7830 50
7840 50
7850 50
7860 50
7870 50
7880 50
7890 50
7900 50
7910 50
7920 50
7930 50
7940 50
7950 50
7960 50
7970 50
7980 50
7990 50
8000 50
8010 50
8020 50
8030 50
8040 50
8050 50
8060 50
8070 50
8080 50
8090 50
8100 50
8110 50
8120 50
8130 50
8140 50
8150 50
8160 50
8170 50
8180 50
8190 50
8200 50
8210 50
8220 50
8230 50
8240 50
8250 50
8260 50
8270 50
8280 50
8290 50
8300 50
8310 50
8320 50
8330 50
8340 50
8350 50
8360 50
8370 50
8380 50
8390 50
8400 50
8410 50
8420 50
8430 50
8440 50
8450 50
8460 50
8470 50
8480 50
8490 50
8500 50
8510 50
8520 50
8530 50
8540 50
8550 50
8560 50
8570 50
8580 50
8590 50
8600 50
8610 50
8620 50
8630 50
8640 50
8650 50
8660 50
8670 50
8680 50
8690 50
8700 50
8710 50
8720 50
8730 50
8740 50
8750 50
8760 50
8770 50
8780 50
8790 50
8800 50
8810 50
8820 50
8830 50
8840 50
8850 50
8860 50
8870 50
8880 50
8890 50
8900 50
8910 50
8920 50
8930 50
8940 50
8950 50
8960 50
8970 50
8980 50
8990 50
9000 50
9010 50
9020 50
9030 50
9040 50
9050 50
9060 50
9070 50
9080 50
9090 50
9100 50
9110 50
9120 50
9130 50
9140 50
9140.46 50
